0.000000	0.000000	0.000000	0.000000	0.000000	0.000000	0.000000	0.000000
0.000000	0.000000	0.000000	0.000000	0.000000	0.000000	0.000000	0.000000
0.000000	0.000000	0.000000	0.000000	0.000000	0.000000	0.000000	0.000000
0.000000	0.000000	0.000000	0.000000	0.000000	0.000000	0.000000	0.000000
0.000000	0.000000	0.000000	0.000000	0.000000	0.000000	0.000000	0.000000
0.000000	0.000000	0.000000	0.000000	0.000000	0.000000	0.000000	0.000000
0.000000	0.000000	0.000000	0.000000	0.000000	0.000000	0.000000	0.000000
0.000000	0.000000	0.000000	0.000000	0.000000	0.000000	0.000000	0.000000
0.000000	0.000000	0.000000	0.000000	0.000000	0.000000	0.000000	0.000000
0.000000	0.000000	0.000000	0.000000	0.000000	0.000000	0.000000	0.000000
0.000000	0.000000	0.000000	0.000000	0.000000	0.000000	0.000000	0.000000
0.000000	0.000000	0.000000	0.007964	-0.017473	-0.710079	0.703860	-1.579833
0.000000	0.000000	0.000000	0.007962	-0.017444	-0.710048	0.703892	-1.579743
0.000000	0.000000	0.000000	0.007960	-0.017431	-0.710026	0.703915	-1.579678
0.000000	0.000000	0.000000	0.007978	-0.017403	-0.710020	0.703921	-1.579659
0.000000	0.000000	0.000000	0.007988	-0.017377	-0.709999	0.703943	-1.579599
0.000000	0.000000	0.000000	0.007953	-0.017394	-0.709998	0.703944	-1.579597
0.000000	0.000000	0.000000	0.007951	-0.017387	-0.709996	0.703946	-1.579591
0.000000	0.000000	0.000000	0.007948	-0.017404	-0.709969	0.703973	-1.579515
0.000000	0.000000	0.000000	0.007952	-0.017418	-0.709952	0.703990	-1.579467
0.000000	0.000000	0.000000	0.007974	-0.017418	-0.709939	0.704003	-1.579430
0.000000	0.000000	0.000000	0.007942	-0.017411	-0.709927	0.704015	-1.579396
0.000000	0.000000	0.000000	0.007941	-0.017393	-0.709912	0.704031	-1.579353
0.000000	0.000000	0.000000	0.007945	-0.017384	-0.709936	0.704006	-1.579421
0.000000	0.000000	0.000000	0.007916	-0.017401	-0.709918	0.704025	-1.579369
0.000000	0.000000	0.000000	0.007936	-0.017408	-0.709878	0.704065	-1.579256
0.000000	0.000000	0.000000	0.007935	-0.017405	-0.709849	0.704094	-1.579174
0.000000	0.000000	0.000000	0.007927	-0.017427	-0.709825	0.704118	-1.579106
0.000000	0.000000	0.000000	0.007942	-0.017425	-0.709818	0.704125	-1.579086
0.000000	0.000000	0.000000	0.007938	-0.017409	-0.709772	0.704172	-1.578956
0.000000	0.000000	0.000000	0.007917	-0.017384	-0.709789	0.704156	-1.579002
0.000000	0.000000	0.000000	0.007925	-0.017376	-0.709779	0.704165	-1.578975
0.000000	0.000000	0.000000	0.007923	-0.017386	-0.709743	0.704202	-1.578872
0.000000	0.000000	0.000000	0.007927	-0.017410	-0.709731	0.704213	-1.578839
0.000000	0.000000	0.000000	0.007925	-0.017417	-0.709710	0.704234	-1.578779
0.000000	0.000000	0.000000	0.007954	-0.017453	-0.709654	0.704290	-1.578623
0.000000	0.000000	0.000000	0.007957	-0.017459	-0.709665	0.704278	-1.578655
0.000000	0.000000	0.000000	0.007934	-0.017433	-0.709666	0.704278	-1.578657
0.000000	0.000000	0.000000	0.007915	-0.017429	-0.709645	0.704299	-1.578598
0.000000	0.000000	0.000000	0.007891	-0.017449	-0.709627	0.704317	-1.578548
0.000000	0.000000	0.000000	0.007874	-0.017459	-0.709606	0.704338	-1.578489
0.000000	0.000000	0.000000	0.007892	-0.017479	-0.709595	0.704349	-1.578457
0.000000	0.000000	0.000000	0.007899	-0.017456	-0.709584	0.704360	-1.578425
0.000000	0.000000	0.000000	0.007911	-0.017461	-0.709589	0.704355	-1.578439
0.000000	0.000000	0.000000	0.007882	-0.017466	-0.709574	0.704370	-1.578398
0.000000	0.000000	0.000000	0.007911	-0.017450	-0.709567	0.704377	-1.578377
0.000000	0.000000	0.000000	0.007901	-0.017444	-0.709548	0.704397	-1.578321
0.000000	0.000000	0.000000	0.007882	-0.017439	-0.709518	0.704428	-1.578236
0.000000	0.000000	0.000000	0.007866	-0.017440	-0.709502	0.704444	-1.578191
0.000000	0.000000	0.000000	0.007859	-0.017453	-0.709498	0.704447	-1.578182
0.000000	0.000000	0.000000	0.007813	-0.017460	-0.709492	0.704454	-1.578164
0.000000	0.000000	0.000000	0.007811	-0.017472	-0.709470	0.704476	-1.578103
0.000000	0.000000	0.000000	0.007833	-0.017447	-0.709456	0.704491	-1.578060
0.000000	0.000000	0.000000	0.007812	-0.017449	-0.709453	0.704493	-1.578054
0.000000	0.000000	0.000000	0.007837	-0.017413	-0.709446	0.704502	-1.578029
0.000000	0.000000	0.000000	0.007826	-0.017392	-0.709440	0.704508	-1.578011
0.000000	0.000000	0.000000	0.007805	-0.017374	-0.709431	0.704518	-1.577985
0.000000	0.000000	0.000000	0.007794	-0.017371	-0.709425	0.704524	-1.577967
0.000000	0.000000	0.000000	0.007788	-0.017329	-0.709437	0.704513	-1.578000
0.000000	0.000000	0.000000	0.007792	-0.017289	-0.709412	0.704539	-1.577925
0.000000	0.000000	0.000000	0.007795	-0.017282	-0.709401	0.704550	-1.577894
0.000000	0.000000	0.000000	0.007784	-0.017267	-0.709387	0.704565	-1.577853
0.000000	0.000000	0.000000	0.007786	-0.017252	-0.709396	0.704556	-1.577879
0.000000	0.000000	0.000000	0.007771	-0.017254	-0.709398	0.704554	-1.577883
0.000000	0.000000	0.000000	0.007759	-0.017238	-0.709386	0.704567	-1.577848
0.000000	0.000000	0.000000	0.007741	-0.017219	-0.709378	0.704576	-1.577824
0.000000	0.000000	0.000000	0.007732	-0.017219	-0.709376	0.704578	-1.577819
0.000000	0.000000	0.000000	0.007709	-0.017233	-0.709357	0.704596	-1.577766
0.000000	0.000000	0.000000	0.007711	-0.017225	-0.709354	0.704600	-1.577756
0.000000	0.000000	0.000000	0.007724	-0.017223	-0.709354	0.704600	-1.577756
0.000000	0.000000	0.000000	0.007717	-0.017250	-0.709349	0.704604	-1.577745
0.000000	0.000000	0.000000	0.007648	-0.017284	-0.709570	0.704381	-1.578374
0.000000	0.000000	0.000000	0.007485	-0.017374	-0.709897	0.704051	-1.579309
0.000000	0.000000	0.000000	0.007270	-0.017098	-0.709984	0.703973	-1.579536
0.000000	0.000000	0.000000	0.006936	-0.016462	-0.710049	0.703926	-1.579678
0.000000	0.000000	0.000000	0.006424	-0.015698	-0.710043	0.703954	-1.579612
0.000000	0.000000	0.000000	0.005907	-0.014836	-0.710028	0.703993	-1.579516
0.000000	0.000000	0.000000	0.005119	-0.013790	-0.710261	0.703785	-1.580119
0.000000	0.000000	0.000000	0.003853	-0.012718	-0.710561	0.703510	-1.580915
0.000000	0.000000	0.000000	0.002621	-0.011544	-0.710761	0.703334	-1.581426
0.001305	0.211091	0.000000	0.001914	-0.010126	-0.712870	0.701221	-1.587370
0.001305	0.211091	0.000000	0.002094	-0.008175	-0.714504	0.699580	-1.591966
0.001305	0.211091	0.000000	0.002316	-0.006168	-0.715221	0.698868	-1.593956
0.000000	0.000000	0.000000	0.002347	-0.005957	-0.714264	0.699847	-1.591215
0.000000	0.000000	0.000000	0.002088	-0.006709	-0.713628	0.700490	-1.589417
-0.398111	0.213561	0.000000	0.003123	-0.005437	-0.716774	0.697278	-1.598389
-0.398111	0.213561	0.000000	0.004339	-0.004170	-0.719211	0.694766	-1.605366
-0.398111	0.213561	0.000000	0.004878	-0.004817	-0.721482	0.692399	-1.611927
-0.398111	0.213561	0.000000	0.006085	-0.004637	-0.723401	0.690386	-1.617474
-0.398111	0.213561	0.000000	0.008976	-0.001664	-0.726247	0.687373	-1.625702
-0.398111	0.213561	0.000000	0.010969	0.001294	-0.730161	0.683186	-1.637129
-0.398111	0.213561	0.000000	0.011017	0.002722	-0.731315	0.681945	-1.640526
-0.398111	0.213561	0.000000	0.009227	0.000526	-0.731781	0.681478	-1.641869
-0.398111	0.213561	0.000000	0.007799	-0.001443	-0.732953	0.680233	-1.645313
-0.398111	0.213561	0.000000	0.007269	-0.002506	-0.734797	0.678243	-1.650751
-0.396806	0.424652	0.000000	0.007859	-0.002303	-0.736663	0.676211	-1.656258
-0.396806	0.424652	0.000000	0.009259	-0.001833	-0.737501	0.675280	-1.658738
-0.396806	0.424652	0.000000	0.010637	-0.001407	-0.739103	0.673507	-1.663488
-0.396806	0.424652	0.000000	0.011704	-0.001045	-0.740566	0.671881	-1.667838
-0.396806	0.424652	0.000000	0.012851	-0.000543	-0.742114	0.670151	-1.672455
-0.396806	0.424652	0.000000	0.014084	0.000153	-0.744266	0.667735	-1.678895
-0.396806	0.424652	0.000000	0.015824	0.000397	-0.745362	0.666473	-1.682187
-0.396806	0.424652	0.000000	0.016839	-0.001125	-0.746539	0.665128	-1.685724
-0.396806	0.424652	0.000000	0.017191	-0.002780	-0.747783	0.663715	-1.689477
-0.396806	0.424652	0.000000	0.017040	-0.003611	-0.749620	0.661639	-1.695029
-0.396806	0.424652	0.000000	0.017118	-0.004114	-0.750970	0.660101	-1.699122
-0.396806	0.424652	0.000000	0.017115	-0.003892	-0.751834	0.659119	-1.701736
-0.396806	0.424652	0.000000	0.017134	-0.003209	-0.753186	0.657576	-1.705838
-0.396806	0.424652	0.000000	0.016343	-0.002805	-0.754204	0.656431	-1.708927
-0.396806	0.424652	0.000000	0.014705	-0.002655	-0.755657	0.654797	-1.713353
-0.396806	0.424652	0.000000	0.013886	-0.002727	-0.756968	0.653299	-1.717357
-0.396806	0.424652	0.000000	0.012866	-0.002996	-0.757242	0.653001	-1.718196
-0.396806	0.424652	0.000000	0.011175	-0.003668	-0.758636	0.651408	-1.722474
-0.396806	0.424652	0.000000	0.008442	-0.003690	-0.760000	0.649857	-1.726661
-0.396806	0.424652	0.000000	0.006850	-0.003551	-0.760546	0.649238	-1.728335
-0.396806	0.424652	0.000000	0.007678	-0.004383	-0.761430	0.648187	-1.731074
-0.396806	0.424652	0.000000	0.007698	-0.006108	-0.763216	0.646069	-1.736629
-0.396806	0.424652	0.000000	0.006888	-0.007699	-0.764304	0.644773	-1.740042
-0.396806	0.424652	0.000000	0.007209	-0.009877	-0.766471	0.642163	-1.746854
-0.396806	0.424652	0.000000	0.010243	-0.009817	-0.769698	0.638250	-1.756934
-0.794917	0.638212	0.000000	0.011925	-0.009949	-0.772251	0.635128	-1.764957
-0.794917	0.638212	0.000000	0.012659	-0.010421	-0.772526	0.634772	-1.765844
-0.794917	0.638212	0.000000	0.011969	-0.010821	-0.772755	0.634499	-1.766582
-0.794917	0.638212	0.000000	0.010575	-0.011911	-0.772500	0.634815	-1.765827
-0.794917	0.638212	0.000000	0.009260	-0.012107	-0.772188	0.635212	-1.764853
-0.794917	0.638212	0.000000	0.007768	-0.014122	-0.772383	0.634952	-1.765580
-0.794917	0.638212	0.000000	0.007247	-0.014693	-0.773218	0.633928	-1.768247
-0.794917	0.638212	0.000000	0.006914	-0.015600	-0.774106	0.632826	-1.771108
-0.794917	0.638212	0.000000	0.008036	-0.017841	-0.771491	0.635940	-1.763020
-0.794917	0.638212	0.000000	0.010744	-0.019711	-0.770531	0.637007	-1.760145
-0.793612	0.849303	0.000000	0.012205	-0.020310	-0.771062	0.636319	-1.761859
-0.793612	0.849303	0.000000	0.012514	-0.019760	-0.771138	0.636239	-1.762052
-0.793612	0.849303	0.000000	0.012326	-0.018610	-0.771437	0.635914	-1.762900
-0.793612	0.849303	0.000000	0.011624	-0.018162	-0.772094	0.635142	-1.764935
-0.793612	0.849303	0.000000	0.011053	-0.018696	-0.772222	0.634982	-1.765379
-0.793612	0.849303	0.000000	0.011210	-0.019268	-0.770916	0.636547	-1.761317
-0.793612	0.849303	0.000000	0.010830	-0.019750	-0.769623	0.638102	-1.757300
-0.793612	0.849303	0.000000	0.009975	-0.020481	-0.768535	0.639402	-1.753961
-0.793612	0.849303	0.000000	0.009026	-0.021169	-0.767166	0.641036	-1.749748
-0.792307	1.060395	0.000000	0.008116	-0.021811	-0.765032	0.643572	-1.743169
-0.793612	0.849303	0.000000	0.007373	-0.021213	-0.763624	0.645270	-1.738751
-0.793612	0.849303	0.000000	0.006731	-0.020409	-0.761236	0.648119	-1.731299
-0.792307	1.060395	0.000000	0.006749	-0.019257	-0.758621	0.651212	-1.723156
-0.792307	1.060395	0.000000	0.006464	-0.019785	-0.757839	0.652110	-1.720799
-0.792307	1.060395	0.000000	0.006244	-0.020166	-0.756254	0.653938	-1.715979
-0.792307	1.060395	0.000000	0.006024	-0.020119	-0.756786	0.653325	-1.717604
-0.792307	1.060395	0.000000	0.006218	-0.019232	-0.752575	0.658196	-1.704692
-0.792307	1.060395	0.000000	0.005621	-0.020266	-0.747155	0.664316	-1.688391
-0.792307	1.060395	0.000000	0.005564	-0.019074	-0.738394	0.674077	-1.662116
-0.792307	1.060395	0.000000	0.005600	-0.017616	-0.729561	0.683666	-1.635989
-0.792307	1.060395	0.000000	0.006054	-0.018149	-0.722430	0.691179	-1.615286
-0.792307	1.060395	0.000000	0.006220	-0.018281	-0.713308	0.700585	-1.589085
-0.792307	1.060395	0.000000	0.006251	-0.017742	-0.703509	0.710438	-1.561273
-0.792307	1.060395	0.000000	0.005867	-0.016995	-0.696746	0.717092	-1.542278
-0.792307	1.060395	0.000000	0.005451	-0.018179	-0.691720	0.721916	-1.528390
-0.792307	1.060395	0.000000	0.005115	-0.018875	-0.687504	0.725918	-1.516794
-0.792307	1.060395	0.000000	0.005150	-0.018194	-0.680836	0.732192	-1.498456
-0.792307	1.060395	0.000000	0.005664	-0.019624	-0.673216	0.739164	-1.477850
-0.792307	1.060395	0.000000	0.006210	-0.018737	-0.663872	0.747586	-1.452653
-0.792307	1.060395	0.000000	0.007931	-0.017401	-0.654679	0.755665	-1.428109
-0.792307	1.060395	0.000000	0.008706	-0.016432	-0.644626	0.764272	-1.401598
-0.792307	1.060395	0.000000	0.008666	-0.016020	-0.633527	0.773506	-1.372712
-0.791002	1.271486	0.000000	0.008609	-0.015232	-0.622913	0.782095	-1.345379
-0.791002	1.271486	0.000000	0.008743	-0.014263	-0.615533	0.787934	-1.326526
-0.791002	1.271486	0.000000	0.008285	-0.014785	-0.607915	0.793821	-1.307292
-1.190418	1.273955	0.000000	0.008432	-0.011195	-0.591091	0.806483	-1.265074
-1.190418	1.273955	0.000000	0.009090	-0.008604	-0.578077	0.815886	-1.232895
-1.190418	1.273955	0.000000	0.007915	-0.006511	-0.570251	0.821406	-1.213713
-1.190418	1.273955	0.000000	0.008782	-0.010159	-0.562366	0.826780	-1.194700
-1.190418	1.273955	0.000000	0.011240	-0.010507	-0.554149	0.832276	-1.174914
-1.190418	1.273955	0.000000	0.012227	-0.008788	-0.551993	0.833713	-1.169673
-1.190418	1.273955	0.000000	0.012096	-0.007739	-0.543634	0.839200	-1.149652
-1.190418	1.273955	0.000000	0.012791	-0.004611	-0.533756	0.845529	-1.126111
-1.190418	1.273955	0.000000	0.015115	-0.005350	-0.531239	0.847070	-1.120177
-1.190418	1.273955	0.000000	0.014245	-0.005009	-0.528734	0.848653	-1.114262
-1.190418	1.273955	0.000000	0.012499	-0.005917	-0.524007	0.851601	-1.103174
-1.190418	1.273955	0.000000	0.012875	-0.006945	-0.519383	0.854416	-1.092367
-1.190418	1.273955	0.000000	0.013778	-0.005617	-0.517804	0.855370	-1.088630
-1.190418	1.273955	0.000000	0.017274	-0.002500	-0.514696	0.857195	-1.081272
-1.190418	1.273955	0.000000	0.017820	-0.000016	-0.511454	0.859125	-1.073663
-1.190418	1.273955	0.000000	0.018126	0.004422	-0.509135	0.860485	-1.068216
-1.190418	1.273955	0.000000	0.019742	0.005704	-0.499744	0.865930	-1.046427
-1.190418	1.273955	0.000000	0.022580	0.007458	-0.488971	0.871976	-1.021572
-1.190418	1.273955	0.000000	0.022849	0.009821	-0.478882	0.877527	-0.998498
-1.190418	1.273955	0.000000	0.014910	0.001389	-0.477246	0.878642	-0.994951
-1.589834	1.276425	0.000000	0.014813	-0.003209	-0.479254	0.877545	-0.999610
-1.589834	1.276425	0.000000	0.016258	-0.003017	-0.480268	0.876966	-1.001908
-1.589834	1.276425	0.000000	0.025980	0.001679	-0.483026	0.875219	-1.007974
-1.589834	1.276425	0.000000	0.018546	0.001437	-0.483866	0.874944	-1.010007
-1.589834	1.276425	0.000000	0.012704	0.003198	-0.485121	0.874349	-1.012927
-1.589834	1.276425	0.000000	0.010098	0.002792	-0.480893	0.876716	-1.003297
-1.589834	1.276425	0.000000	0.010204	0.001325	-0.478431	0.878065	-0.997691
-1.589834	1.276425	0.000000	0.013280	-0.003360	-0.478313	0.878082	-0.997478
-1.589834	1.276425	0.000000	0.017507	-0.003139	-0.479174	0.877540	-0.999410
-1.589834	1.276425	0.000000	0.018006	-0.006328	-0.478712	0.877764	-0.998458
-1.589834	1.276425	0.000000	0.016547	-0.010156	-0.480497	0.876781	-1.002686
-1.589834	1.276425	0.000000	0.017046	-0.011314	-0.480191	0.876926	-1.002044
-1.589834	1.276425	0.000000	0.016739	-0.012501	-0.479811	0.877123	-1.001238
-1.589834	1.276425	0.000000	0.016131	-0.013179	-0.479191	0.877463	-0.999860
-1.589834	1.276425	0.000000	0.015165	-0.013803	-0.478862	0.877651	-0.999138
-1.989250	1.278894	0.000000	0.015005	-0.014510	-0.478519	0.877829	-0.998396
-1.989250	1.278894	0.000000	0.015170	-0.015190	-0.478121	0.878032	-0.997529
-1.989250	1.278894	0.000000	0.015426	-0.015672	-0.478617	0.877748	-0.998690
-1.987945	1.489985	0.000000	0.015378	-0.015898	-0.478864	0.877610	-0.999266
-1.987945	1.489985	0.000000	0.014914	-0.016274	-0.477659	0.878268	-0.996540
-1.989250	1.278894	0.000000	0.015708	-0.016433	-0.476782	0.878728	-0.994561
-1.987945	1.489985	0.000000	0.016304	-0.016562	-0.476255	0.879000	-0.993377
-1.987945	1.489985	0.000000	0.016542	-0.016539	-0.474043	0.880191	-0.988349
-1.987945	1.489985	0.000000	0.016185	-0.016374	-0.467965	0.883447	-0.974556
-1.987945	1.489985	0.000000	0.016015	-0.016388	-0.460705	0.887258	-0.958162
-1.987945	1.489985	0.000000	0.016138	-0.016798	-0.456277	0.889533	-0.948226
-1.987945	1.489985	0.000000	0.016426	-0.016630	-0.449281	0.893085	-0.932527
-1.987945	1.489985	0.000000	0.016403	-0.014547	-0.441836	0.896828	-0.915771
-1.987945	1.489985	0.000000	0.017178	-0.012359	-0.435194	0.900088	-0.900877
-1.987945	1.489985	0.000000	0.018209	-0.010212	-0.428716	0.903198	-0.886409
-1.987945	1.489985	0.000000	0.018182	-0.008149	-0.417407	0.908501	-0.861355
-1.987945	1.489985	0.000000	0.018444	-0.006738	-0.405751	0.913773	-0.835720
-1.987945	1.489985	0.000000	0.019327	-0.005896	-0.400012	0.916287	-0.823146
-1.987945	1.489985	0.000000	0.019672	-0.006825	-0.392255	0.919621	-0.806290
-1.987945	1.489985	0.000000	0.021298	-0.008667	-0.385152	0.922567	-0.790957
-1.987945	1.489985	0.000000	0.021513	-0.009273	-0.381322	0.924146	-0.782695
-1.987945	1.489985	0.000000	0.021565	-0.009075	-0.376468	0.926134	-0.772198
-1.987945	1.489985	0.000000	0.020510	-0.007640	-0.371692	0.928098	-0.761831
-1.987945	1.489985	0.000000	0.018993	-0.006260	-0.364270	0.931079	-0.745810
-1.987945	1.489985	0.000000	0.016412	-0.007417	-0.358317	0.933426	-0.733090
-1.987945	1.489985	0.000000	0.016995	-0.009789	-0.352452	0.935624	-0.720648
-1.987945	1.489985	0.000000	0.014180	-0.014531	-0.342732	0.939214	-0.700119
-1.987945	1.489985	0.000000	0.012151	-0.017305	-0.332809	0.942757	-0.679142
-1.987945	1.489985	0.000000	0.011846	-0.017365	-0.329236	0.944014	-0.671565
-1.987945	1.489985	0.000000	0.013393	-0.015441	-0.326994	0.944805	-0.666749
-2.387361	1.492455	0.000000	0.016838	-0.012508	-0.316350	0.948411	-0.644165
-2.387361	1.492455	0.000000	0.015396	-0.016145	-0.308185	0.951065	-0.627147
-2.387361	1.492455	0.000000	0.015176	-0.016252	-0.309220	0.950731	-0.629324
-2.387361	1.492455	0.000000	0.019754	-0.014021	-0.304348	0.952253	-0.619034
-2.387361	1.492455	0.000000	0.022955	-0.012695	-0.299328	0.953789	-0.608462
-2.387361	1.492455	0.000000	0.021226	-0.011979	-0.298853	0.953988	-0.607410
-2.387361	1.492455	0.000000	0.017369	-0.012310	-0.299030	0.954006	-0.607761
-2.387361	1.492455	0.000000	0.015321	-0.011785	-0.295483	0.955152	-0.600282
-2.387361	1.492455	0.000000	0.015960	-0.015301	-0.295761	0.955006	-0.601048
-2.387361	1.492455	0.000000	0.015555	-0.015502	-0.295143	0.955201	-0.599757
-2.387361	1.492455	0.000000	0.013997	-0.016310	-0.294647	0.955364	-0.598732
-2.387361	1.492455	0.000000	0.011055	-0.015454	-0.297035	0.954677	-0.603632
-2.387361	1.492455	0.000000	0.007416	-0.008591	-0.295020	0.955424	-0.599108
-2.387361	1.492455	0.000000	-0.000727	0.000835	-0.292686	0.956208	-0.594071
-2.387361	1.492455	0.000000	-0.000252	-0.002971	-0.295844	0.955232	-0.600685
-2.387361	1.492455	0.000000	0.003946	-0.002354	-0.296396	0.955054	-0.601851
-2.387361	1.492455	0.000000	0.006256	-0.004111	-0.292879	0.956120	-0.594521
-2.387361	1.492455	0.000000	0.006912	-0.004341	-0.293694	0.955864	-0.596231
-2.387361	1.492455	0.000000	0.005363	-0.004882	-0.294138	0.955736	-0.597163
-2.387361	1.492455	0.000000	0.003999	-0.000970	-0.292948	0.956119	-0.594620
-2.786778	1.494924	0.000000	0.006259	0.002782	-0.292983	0.956093	-0.594659
-2.786778	1.494924	0.000000	0.007439	-0.000428	-0.292264	0.956309	-0.593179
-2.786778	1.494924	0.000000	0.007238	-0.003063	-0.292563	0.956214	-0.593844
-2.786778	1.494924	0.000000	0.009445	-0.000384	-0.292344	0.956266	-0.593338
-2.786778	1.494924	0.000000	0.010031	0.001465	-0.291154	0.956622	-0.590818
-2.788083	1.283833	0.000000	0.010938	0.001944	-0.291911	0.956381	-0.592387
-2.788083	1.283833	0.000000	0.011075	0.001544	-0.293166	0.955996	-0.595016
-2.788083	1.283833	0.000000	0.010799	0.000205	-0.291490	0.956513	-0.591536
-2.788083	1.283833	0.000000	0.010916	-0.000843	-0.289890	0.956997	-0.588210
-2.786778	1.494924	0.000000	0.011521	-0.001883	-0.290555	0.956787	-0.589618
-2.788083	1.283833	0.000000	0.011190	-0.003397	-0.290950	0.956667	-0.590481
-2.788083	1.283833	0.000000	0.010948	-0.003527	-0.290089	0.956931	-0.588685
-2.788083	1.283833	0.000000	0.010504	-0.003609	-0.289035	0.957254	-0.586485
-2.788083	1.283833	0.000000	0.009840	-0.003671	-0.288724	0.957355	-0.585836
-2.788083	1.283833	0.000000	0.009651	-0.003742	-0.289096	0.957244	-0.586613
-2.788083	1.283833	0.000000	0.009698	-0.003720	-0.288272	0.957492	-0.584891
-2.788083	1.283833	0.000000	0.009460	-0.003509	-0.288689	0.957370	-0.585758
-3.187499	1.286302	0.000000	0.009097	-0.003370	-0.288547	0.957417	-0.585458
-3.187499	1.286302	0.000000	0.008856	-0.003340	-0.288220	0.957517	-0.584774
-3.187499	1.286302	0.000000	0.008564	-0.003433	-0.287367	0.957776	-0.582994
-3.187499	1.286302	0.000000	0.008552	-0.003486	-0.286571	0.958014	-0.581333
-3.187499	1.286302	0.000000	0.008580	-0.002883	-0.283294	0.958990	-0.574484
-3.187499	1.286302	0.000000	0.008092	-0.003028	-0.276578	0.960952	-0.560496
-3.187499	1.286302	0.000000	0.008307	-0.004107	-0.269614	0.962924	-0.546039
-3.187499	1.286302	0.000000	0.008805	-0.004866	-0.261321	0.965199	-0.528855
-3.187499	1.286302	0.000000	0.009093	-0.005146	-0.252486	0.967544	-0.510580
-3.187499	1.286302	0.000000	0.008776	-0.004932	-0.242259	0.970160	-0.489464
-3.187499	1.286302	0.000000	0.007715	-0.004719	-0.231648	0.972758	-0.467610
-3.187499	1.286302	0.000000	0.007699	-0.005706	-0.220165	0.975416	-0.444057
-3.187499	1.286302	0.000000	0.006947	-0.006488	-0.207272	0.978237	-0.417669
-3.187499	1.286302	0.000000	0.006858	-0.007818	-0.193006	0.981142	-0.388575
-3.187499	1.286302	0.000000	0.007020	-0.008503	-0.180013	0.983602	-0.362140
-3.187499	1.286302	0.000000	0.006651	-0.009555	-0.165121	0.986205	-0.331919
-3.187499	1.286302	0.000000	0.005704	-0.010460	-0.151928	0.988320	-0.305197
-3.187499	1.286302	0.000000	0.004411	-0.011281	-0.139332	0.990172	-0.279719
-3.187499	1.286302	0.000000	0.003532	-0.011655	-0.129268	0.991535	-0.259393
-3.187499	1.286302	0.000000	0.002462	-0.011665	-0.113729	0.993440	-0.228052
-3.187499	1.286302	0.000000	0.001528	-0.012018	-0.098314	0.995082	-0.197024
-3.187499	1.286302	0.000000	0.000595	-0.013005	-0.075853	0.997034	-0.151906
-3.187499	1.286302	0.000000	0.000985	-0.013517	-0.051366	0.998588	-0.102832
-3.187499	1.286302	0.000000	0.002186	-0.013343	-0.031652	0.999407	-0.063390
-3.187499	1.286302	0.000000	0.003838	-0.013826	-0.011680	0.999829	-0.023474
-3.187499	1.286302	0.000000	0.005760	-0.012998	0.010146	0.999847	0.020147
-3.187499	1.286302	0.000000	0.006111	-0.012223	0.028327	0.999505	0.056523
-3.187499	1.286302	0.000000	0.004996	-0.010163	0.041261	0.999084	0.082455
-3.187499	1.286302	0.000000	0.004274	-0.008519	0.049951	0.998706	0.099882
-3.586915	1.288772	0.000000	0.002372	-0.005601	0.063150	0.997985	0.126363
-3.586915	1.288772	0.000000	0.001876	-0.006351	0.076994	0.997010	0.154126
-3.586915	1.288772	0.000000	0.001879	-0.005691	0.091746	0.995764	0.183738
-3.586915	1.288772	0.000000	0.000719	-0.003378	0.105358	0.994428	0.211108
-3.586915	1.288772	0.000000	0.001445	-0.004632	0.113513	0.993525	0.227510
-3.586915	1.288772	0.000000	0.002135	-0.004967	0.122531	0.992450	0.245668
-3.586915	1.288772	0.000000	0.002793	-0.003993	0.130350	0.991456	0.261427
-3.586915	1.288772	0.000000	0.003380	-0.004163	0.136607	0.990611	0.274050
-3.586915	1.288772	0.000000	0.003308	-0.004086	0.139846	0.990159	0.280590
-3.588220	1.077680	0.000000	0.006029	-0.002969	0.140568	0.990048	0.282036
-3.588220	1.077680	0.000000	0.006119	-0.001194	0.139807	0.990159	0.280515
-3.588220	1.077680	0.000000	0.005909	0.000758	0.138001	0.990414	0.276890
-3.588220	1.077680	0.000000	0.007211	0.003060	0.143003	0.989691	0.287028
-3.586915	1.288772	0.000000	0.006267	0.000759	0.144635	0.989465	0.290292
-3.588220	1.077680	0.000000	0.003860	-0.001064	0.141177	0.989976	0.283290
-3.588220	1.077680	0.000000	0.001484	-0.001702	0.141934	0.989873	0.284827
-3.588220	1.077680	0.000000	0.001546	-0.003910	0.144577	0.989485	0.290165
-3.588220	1.077680	0.000000	0.002140	-0.002516	0.145745	0.989317	0.292524
-3.588220	1.077680	0.000000	0.001546	-0.001808	0.144561	0.989493	0.290135
-3.589525	0.866589	0.000000	0.002457	-0.000933	0.142817	0.989746	0.286609
-3.589525	0.866589	0.000000	0.004357	0.001488	0.146497	0.989200	0.294063
-3.589525	0.866589	0.000000	-0.000052	0.009317	0.147813	0.988971	0.296751
-3.589525	0.866589	0.000000	0.001586	0.008474	0.147859	0.988971	0.296863
-3.589525	0.866589	0.000000	0.000659	0.009220	0.146800	0.989123	0.294713
-3.589525	0.866589	0.000000	0.000353	0.007999	0.141989	0.989836	0.284974
-3.589525	0.866589	0.000000	0.001471	0.006956	0.142586	0.989757	0.286186
-3.589525	0.866589	0.000000	0.001966	0.012420	0.143501	0.989570	0.288109
-3.589525	0.866589	0.000000	0.008228	0.008592	0.145895	0.989228	0.292994
-3.589525	0.866589	0.000000	0.008847	0.011278	0.145846	0.989203	0.292972
-3.590830	0.655498	0.000000	0.008351	0.008038	0.143111	0.989639	0.287356
-3.590830	0.655498	0.000000	0.007263	0.007760	0.141021	0.989949	0.283111
-3.590830	0.655498	0.000000	0.007170	0.009090	0.136922	0.990514	0.274859
-3.590830	0.655498	0.000000	0.007953	0.004680	0.136785	0.990558	0.274503
-3.590830	0.655498	0.000000	0.010498	0.001906	0.140769	0.989985	0.282502
-3.592135	0.444407	0.000000	0.013421	0.002333	0.140876	0.989933	0.282730
-3.592135	0.444407	0.000000	0.010840	0.000026	0.139134	0.990214	0.279158
-3.592135	0.444407	0.000000	0.010952	-0.002109	0.138317	0.990325	0.277466
-3.592135	0.444407	0.000000	0.012678	-0.000531	0.140125	0.990052	0.281141
-3.592135	0.444407	0.000000	0.016870	-0.000694	0.139817	0.990033	0.280492
-3.991551	0.446876	0.000000	0.018652	0.000876	0.138268	0.990219	0.277411
-3.991551	0.446876	0.000000	0.015304	-0.002431	0.135484	0.990658	0.271703
-3.991551	0.446876	0.000000	0.009373	-0.001304	0.133835	0.990958	0.268442
-3.991551	0.446876	0.000000	0.011152	-0.000883	0.137252	0.990473	0.275338
-3.991551	0.446876	0.000000	0.012289	-0.001605	0.137416	0.990436	0.275647
-3.992856	0.235785	0.000000	0.011193	-0.003085	0.133917	0.990924	0.268562
-3.992856	0.235785	0.000000	0.013471	0.000483	0.138783	0.990231	0.278453
-3.992856	0.235785	0.000000	0.015802	0.000718	0.142916	0.989608	0.286802
-3.992856	0.235785	0.000000	0.014945	-0.000734	0.138337	0.990272	0.277512
-3.992856	0.235785	0.000000	0.010453	-0.003075	0.135636	0.990699	0.272038
-3.994162	0.024694	0.000000	0.006547	-0.006784	0.139789	0.990136	0.280425
-3.994162	0.024694	0.000000	0.010314	-0.008588	0.143074	0.989621	0.286981
-3.994162	0.024694	0.000000	0.011043	-0.012901	0.142279	0.989681	0.285308
-3.994162	0.024694	0.000000	0.011018	-0.013715	0.141099	0.989839	0.282916
-3.994162	0.024694	0.000000	0.010128	-0.014254	0.142809	0.989596	0.286393
-3.994162	0.024694	0.000000	0.009949	-0.013856	0.142924	0.989587	0.286634
-3.994162	0.024694	0.000000	0.011023	-0.012996	0.143235	0.989542	0.287239
-3.994162	0.024694	0.000000	0.011284	-0.011833	0.143066	0.989578	0.286902
-3.994162	0.024694	0.000000	0.011128	-0.010449	0.143718	0.989501	0.288241
-3.995467	-0.186397	0.000000	0.011541	-0.009352	0.144514	0.989391	0.289856
-3.995467	-0.186397	0.000000	0.012255	-0.008658	0.145638	0.989224	0.292123
-3.995467	-0.186397	0.000000	0.013427	-0.008268	0.147477	0.988940	0.295826
-3.995467	-0.186397	0.000000	0.014550	-0.007004	0.148654	0.988758	0.298210
-3.995467	-0.186397	0.000000	0.014488	-0.004862	0.147966	0.988874	0.296867
-4.394883	-0.183928	0.000000	0.013516	-0.002859	0.146573	0.989103	0.294110
-3.995467	-0.186397	0.000000	0.011818	-0.000767	0.145623	0.989269	0.292248
-4.394883	-0.183928	0.000000	0.009978	0.001482	0.146809	0.989113	0.294698
-4.396188	-0.395019	0.000000	0.008529	0.002335	0.150018	0.988644	0.301203
-4.396188	-0.395019	0.000000	0.007756	0.002135	0.155967	0.987729	0.313237
-4.396188	-0.395019	0.000000	0.007670	0.001693	0.163665	0.986485	0.328826
-4.396188	-0.395019	0.000000	0.007765	0.002201	0.174107	0.984694	0.350023
-4.396188	-0.395019	0.000000	0.008038	0.001703	0.189847	0.981779	0.382028
-4.396188	-0.395019	0.000000	0.009380	-0.000025	0.206297	0.978444	0.415560
-4.396188	-0.395019	0.000000	0.010550	-0.002447	0.222433	0.974888	0.448552
-4.396188	-0.395019	0.000000	0.010798	-0.003703	0.239126	0.970922	0.482844
-4.396188	-0.395019	0.000000	0.010732	-0.004022	0.252485	0.967533	0.510405
-4.396188	-0.395019	0.000000	0.010898	-0.004733	0.271896	0.962253	0.550627
-4.396188	-0.395019	0.000000	0.010441	-0.007361	0.296193	0.955043	0.601301
-4.397493	-0.606110	0.000000	0.009504	-0.008308	0.317232	0.948264	0.645533
-4.397493	-0.606110	0.000000	0.008720	-0.008232	0.331922	0.943231	0.676614
-4.396188	-0.395019	0.000000	0.006622	-0.007826	0.343652	0.939041	0.701576
-4.396188	-0.395019	0.000000	0.005190	-0.007842	0.366392	0.930413	0.750256
-4.396188	-0.395019	0.000000	0.005328	-0.008104	0.386055	0.922425	0.792708
-4.396188	-0.395019	0.000000	0.006591	-0.007925	0.404375	0.914535	0.832582
-4.397493	-0.606110	0.000000	0.007935	-0.007760	0.420783	0.907093	0.868593
-4.397493	-0.606110	0.000000	0.008697	-0.006614	0.437229	0.899284	0.904992
-4.397493	-0.606110	0.000000	0.008822	-0.004585	0.454875	0.890500	0.944420
-4.397493	-0.606110	0.000000	0.008858	-0.001860	0.468915	0.883197	0.976087
-4.397493	-0.606110	0.000000	0.007992	-0.000951	0.480872	0.876754	1.003273
-4.397493	-0.606110	0.000000	0.007693	0.000499	0.487749	0.872950	1.019005
-4.397493	-0.606110	0.000000	0.009106	0.005152	0.488120	0.872714	1.019930
-4.397493	-0.606110	0.000000	0.009633	0.007136	0.488983	0.872211	1.021964
-4.397493	-0.606110	0.000000	0.009554	0.007289	0.487917	0.872807	1.019526
-4.397493	-0.606110	0.000000	0.008724	0.004951	0.484629	0.874662	1.011936
-4.397493	-0.606110	0.000000	0.009138	0.005240	0.480396	0.876989	1.002277
-4.397493	-0.606110	0.000000	0.008723	0.004854	0.479656	0.877400	1.000580
-4.397493	-0.606110	0.000000	0.008286	0.003304	0.483383	0.875363	1.009055
-4.397493	-0.606110	0.000000	0.008297	0.003715	0.484542	0.874721	1.011710
-4.397493	-0.606110	0.000000	0.008041	0.002628	0.483652	0.875220	1.009658
-4.397493	-0.606110	0.000000	0.007433	0.002780	0.483831	0.875126	1.010070
-4.397493	-0.606110	0.000000	0.005767	0.001596	0.486154	0.873853	1.015369
-4.397493	-0.606110	0.000000	0.004387	0.001479	0.496319	0.868128	1.038711
-4.397493	-0.606110	0.000000	0.004092	0.003082	0.501449	0.865172	1.050568
-4.397493	-0.606110	0.000000	0.008790	0.002952	0.502688	0.864418	1.053426
-4.397493	-0.606110	0.000000	0.012128	0.003283	0.504121	0.863541	1.056741
-3.999382	-0.819671	0.000000	0.011035	0.001925	0.494396	0.869164	1.034272
-3.999382	-0.819671	0.000000	0.008274	0.002917	0.497034	0.867687	1.040371
-3.999382	-0.819671	0.000000	0.005786	0.002114	0.499316	0.866398	1.045628
-3.999382	-0.819671	0.000000	0.001721	0.001634	0.499119	0.866530	1.045169
-3.999382	-0.819671	0.000000	0.002476	0.002030	0.502568	0.864532	1.053143
-4.000687	-1.030762	0.000000	0.000769	0.005196	0.498071	0.867120	1.042789
-4.000687	-1.030762	0.000000	0.002319	0.005108	0.500156	0.865917	1.047606
-4.000687	-1.030762	0.000000	0.002139	0.004903	0.500933	0.865470	1.049396
-4.000687	-1.030762	0.000000	0.002415	0.005605	0.501538	0.865114	1.050808
-4.000687	-1.030762	0.000000	0.002725	0.004625	0.502135	0.864773	1.052173
-4.001992	-1.241853	0.000000	0.003265	0.004979	0.499677	0.866191	1.046501
-4.001992	-1.241853	0.000000	0.003230	0.006886	0.500382	0.865771	1.048167
-4.001992	-1.241853	0.000000	0.001633	0.009767	0.502190	0.864701	1.052411
-4.001992	-1.241853	0.000000	0.000952	0.007634	0.502735	0.864406	1.053611
-4.001992	-1.241853	0.000000	-0.000763	0.007501	0.503428	0.864004	1.055200
-4.003297	-1.452944	0.000000	-0.001299	0.008435	0.500965	0.865425	1.049518
-4.003297	-1.452944	0.000000	0.001538	0.005799	0.501340	0.865230	1.050349
-4.003297	-1.452944	0.000000	0.001723	0.006097	0.502680	0.864449	1.053457
-4.003297	-1.452944	0.000000	0.001463	0.006644	0.505628	0.862725	1.060293
-4.003297	-1.452944	0.000000	0.004267	0.005092	0.506271	0.862349	1.061764
-4.004602	-1.664035	0.000000	0.003185	0.006932	0.503862	0.863750	1.056217
-4.004602	-1.664035	0.000000	0.003825	0.008144	0.505738	0.862640	1.060597
-4.004602	-1.664035	0.000000	0.002764	0.009042	0.506247	0.862336	1.061797
-4.004602	-1.664035	0.000000	0.003226	0.009630	0.508879	0.860778	1.067928
-4.004602	-1.664035	0.000000	0.005541	0.009075	0.510989	0.859521	1.072831
-4.004602	-1.664035	0.000000	0.004684	0.010176	0.510758	0.859652	1.072325
-4.004602	-1.664035	0.000000	0.003141	0.009130	0.514130	0.857658	1.080134
-4.005907	-1.875126	0.000000	0.002672	0.006258	0.517379	0.855729	1.087644
-4.005907	-1.875126	0.000000	0.001541	0.006192	0.517903	0.855416	1.088860
-4.005907	-1.875126	0.000000	0.002095	0.004135	0.518449	0.855096	1.090104
-3.606491	-1.877596	0.000000	0.002198	0.004115	0.519814	0.854267	1.093299
-3.606491	-1.877596	0.000000	0.002847	0.005289	0.519935	0.854185	1.093604
-3.606491	-1.877596	0.000000	0.003459	0.006609	0.520742	0.853681	1.095523
-3.606491	-1.877596	0.000000	0.003338	0.007547	0.523235	0.852148	1.101392
-3.606491	-1.877596	0.000000	0.002960	0.007732	0.523801	0.851801	1.102722
-3.606491	-1.877596	0.000000	0.003647	0.007459	0.526042	0.850418	1.107985
-3.606491	-1.877596	0.000000	0.004561	0.007131	0.527473	0.849530	1.111347
-3.607796	-2.088687	0.000000	0.004815	0.007124	0.529290	0.848397	1.115629
-3.607796	-2.088687	0.000000	0.004329	0.007706	0.532562	0.846345	1.123363
-3.607796	-2.088687	0.000000	0.004023	0.008490	0.536744	0.843693	1.133282
-3.606491	-1.877596	0.000000	0.004397	0.009607	0.540766	0.841107	1.142868
-3.607796	-2.088687	0.000000	0.005114	0.010803	0.547946	0.836428	1.160035
-3.607796	-2.088687	0.000000	0.004997	0.010878	0.555938	0.831138	1.179206
-3.607796	-2.088687	0.000000	0.005333	0.010212	0.567079	0.823583	1.206112
-3.607796	-2.088687	0.000000	0.005629	0.007897	0.580821	0.813974	1.239598
-3.607796	-2.088687	0.000000	0.005364	0.005326	0.595468	0.803343	1.275755
-3.607796	-2.088687	0.000000	0.004667	0.002159	0.614770	0.788689	1.324198
-3.607796	-2.088687	0.000000	0.004849	-0.000067	0.630077	0.776518	1.363300
-3.607796	-2.088687	0.000000	0.005179	0.000231	0.642471	0.766292	1.395434
-3.607796	-2.088687	0.000000	0.006591	-0.000192	0.657799	0.753164	1.435781
-3.607796	-2.088687	0.000000	0.007830	0.000270	0.671904	0.740597	1.473548
-3.607796	-2.088687	0.000000	0.008961	0.000520	0.687636	0.726000	1.516453
-3.607796	-2.088687	0.000000	0.008900	0.001600	0.702098	0.712023	1.556683
-3.607796	-2.088687	0.000000	0.007364	0.003701	0.717236	0.696782	1.599682
-3.607796	-2.088687	0.000000	0.006551	0.005375	0.729834	0.683572	1.636216
-3.607796	-2.088687	0.000000	0.007244	0.006400	0.738871	0.673778	1.662868
-3.607796	-2.088687	0.000000	0.008090	0.005857	0.747903	0.663733	1.689865
-3.607796	-2.088687	0.000000	0.008679	0.004667	0.754840	0.655835	1.710868
-3.609101	-2.299778	0.000000	0.010542	0.002618	0.764222	0.644861	1.739697
-3.609101	-2.299778	0.000000	0.011854	0.002153	0.776823	0.629604	1.779245
-3.609101	-2.299778	0.000000	0.010924	0.002519	0.786703	0.617230	1.810936
-3.609101	-2.299778	0.000000	0.008765	0.001846	0.794167	0.607633	1.835298
-3.609101	-2.299778	0.000000	0.006169	0.003342	0.800080	0.599852	1.854885
-3.609101	-2.299778	0.000000	0.005138	0.006054	0.802447	0.596670	1.862848
-3.609101	-2.299778	0.000000	0.004209	0.007794	0.804971	0.593248	1.871382
-3.609101	-2.299778	0.000000	0.003639	0.010779	0.805434	0.592576	1.873066
-3.609101	-2.299778	0.000000	0.003066	0.011433	0.806317	0.591364	1.876085
-3.609101	-2.299778	0.000000	0.002789	0.008233	0.809089	0.587622	1.885347
-3.609101	-2.299778	0.000000	0.003253	0.003596	0.811916	0.583754	1.894881
-3.609101	-2.299778	0.000000	0.003992	-0.000195	0.817410	0.576043	1.913808
-3.609101	-2.299778	0.000000	0.005428	-0.001891	0.824240	0.566211	1.937750
-3.609101	-2.299778	0.000000	0.001084	0.002157	0.832170	0.554516	1.966029
-3.609101	-2.299778	0.000000	-0.000001	0.004212	0.837357	0.546640	1.984905
-3.609101	-2.299778	0.000000	0.002098	0.006382	0.839699	0.543011	1.993549
-3.609101	-2.299778	0.000000	0.001121	0.009233	0.839557	0.543191	1.993139
-3.609101	-2.299778	0.000000	0.001379	0.010760	0.839336	0.543504	1.992396
-3.609101	-2.299778	0.000000	0.002519	0.009292	0.841756	0.539772	2.001254
-3.609101	-2.299778	0.000000	0.000507	0.008862	0.841577	0.540064	2.000583
-3.609101	-2.299778	0.000000	-0.002221	0.010066	0.842617	0.538414	2.004522
-3.609101	-2.299778	0.000000	0.000439	0.008264	0.842818	0.538135	2.005162
-3.609101	-2.299778	0.000000	0.004901	0.009733	0.841247	0.540541	1.999380
-3.609101	-2.299778	0.000000	0.009358	0.010970	0.841167	0.540582	1.999145
-3.609101	-2.299778	0.000000	0.006270	0.008881	0.840536	0.541646	1.996718
-3.609101	-2.299778	0.000000	0.002239	0.009883	0.842554	0.538516	2.004242
-3.609101	-2.299778	0.000000	0.000108	0.010961	0.844738	0.535067	2.012450
-3.609101	-2.299778	0.000000	0.004171	0.008640	0.841214	0.540617	1.999216
-3.609101	-2.299778	0.000000	0.002891	0.005895	0.840659	0.541525	1.997075
-3.609101	-2.299778	0.000000	0.000203	0.005581	0.842786	0.538220	2.004952
-3.609101	-2.299778	0.000000	-0.004630	0.006100	0.844442	0.535593	2.011174
-3.609101	-2.299778	0.000000	-0.002656	0.004613	0.844300	0.535844	2.010584
-3.609101	-2.299778	0.000000	-0.003474	0.001891	0.841582	0.540114	2.000435
-3.609101	-2.299778	0.000000	-0.004680	0.002438	0.842523	0.538634	2.003941
-3.609101	-2.299778	0.000000	-0.007473	0.004810	0.843753	0.536658	2.008601
-3.609101	-2.299778	0.000000	-0.004847	0.005504	0.843650	0.536843	2.008206
-3.609101	-2.299778	0.000000	-0.004059	0.004749	0.843677	0.536814	2.008276
-3.209685	-2.302247	0.000000	-0.010681	0.003597	0.840612	0.541520	1.996961
-3.209685	-2.302247	0.000000	-0.010975	0.000201	0.841088	0.540787	1.998662
-3.209685	-2.302247	0.000000	-0.009002	-0.000545	0.842230	0.539043	2.002861
-3.209685	-2.302247	0.000000	-0.015248	0.007145	0.843981	0.536109	2.009699
-3.209685	-2.302247	0.000000	-0.009029	0.007390	0.844063	0.536117	2.009876
-3.209685	-2.302247	0.000000	-0.007196	0.007257	0.839555	0.543178	1.993133
-3.209685	-2.302247	0.000000	-0.008935	0.007366	0.840369	0.541891	1.996167
-3.209685	-2.302247	0.000000	-0.008447	0.005848	0.841169	0.540675	1.999052
-3.209685	-2.302247	0.000000	-0.007181	0.004065	0.840183	0.542240	1.995339
-3.209685	-2.302247	0.000000	-0.005837	0.000056	0.840680	0.541501	1.997098
-3.209685	-2.302247	0.000000	-0.007294	0.001050	0.838242	0.545248	1.988146
-3.209685	-2.302247	0.000000	-0.006804	0.005628	0.837697	0.546063	1.986244
-3.209685	-2.302247	0.000000	-0.004102	0.007709	0.837669	0.546109	1.986183
-3.209685	-2.302247	0.000000	-0.001952	0.009372	0.838158	0.545343	1.988028
-3.209685	-2.302247	0.000000	-0.001290	0.009516	0.837802	0.545889	1.986724
-2.810269	-2.304717	0.000000	-0.000335	0.009403	0.835874	0.548840	1.979666
-2.810269	-2.304717	0.000000	0.001777	0.008614	0.835521	0.549387	1.978333
-2.810269	-2.304717	0.000000	-0.002219	0.010433	0.835571	0.549278	1.978632
-2.810269	-2.304717	0.000000	-0.006620	0.013407	0.834679	0.550533	1.975635
-2.810269	-2.304717	0.000000	-0.010270	0.010337	0.833208	0.552767	1.970173
-2.810269	-2.304717	0.000000	-0.015975	0.010481	0.830636	0.556488	1.961036
-2.810269	-2.304717	0.000000	-0.011840	0.009797	0.831902	0.554711	1.965454
-2.810269	-2.304717	0.000000	-0.006311	0.009124	0.834164	0.551405	1.973501
-2.810269	-2.304717	0.000000	-0.002519	0.009808	0.834698	0.550615	1.975424
-2.810269	-2.304717	0.000000	-0.005638	0.014301	0.833134	0.552858	1.970077
-2.810269	-2.304717	0.000000	-0.003908	0.012483	0.831816	0.554897	1.965167
-2.810269	-2.304717	0.000000	-0.004593	0.010230	0.831881	0.554841	1.965278
-2.410853	-2.307186	0.000000	-0.005454	0.005783	0.831738	0.555112	1.964584
-2.410853	-2.307186	0.000000	-0.005199	0.003999	0.832190	0.554452	1.966162
-2.410853	-2.307186	0.000000	-0.000169	0.005270	0.832606	0.553841	1.967660
-2.410853	-2.307186	0.000000	0.004158	0.007306	0.832784	0.553534	1.968352
-2.410853	-2.307186	0.000000	0.003994	0.007467	0.831856	0.554927	1.965008
-2.410853	-2.307186	0.000000	0.003902	0.006696	0.831495	0.555478	1.963685
-2.410853	-2.307186	0.000000	0.007220	0.006308	0.832236	0.554339	1.966348
-2.410853	-2.307186	0.000000	0.009109	0.005838	0.831763	0.555025	1.964642
-2.410853	-2.307186	0.000000	0.010203	0.003154	0.830993	0.556181	1.961838
-2.410853	-2.307186	0.000000	0.008266	0.002644	0.831101	0.556053	1.962210
-2.410853	-2.307186	0.000000	0.004570	0.003005	0.830738	0.556637	1.960886
-2.410853	-2.307186	0.000000	0.001835	0.002816	0.830687	0.556729	1.960698
-2.410853	-2.307186	0.000000	0.001695	0.000763	0.831672	0.555265	1.964225
-2.410853	-2.307186	0.000000	0.001981	-0.000090	0.832205	0.554464	1.966149
-2.011437	-2.309655	0.000000	0.003740	-0.000143	0.832271	0.554356	1.966392
-2.011437	-2.309655	0.000000	0.005764	0.000600	0.832840	0.553483	1.968456
-2.011437	-2.309655	0.000000	0.007881	0.001325	0.832876	0.553402	1.968600
-2.012742	-2.520747	0.000000	0.009583	0.001939	0.832976	0.553222	1.968979
-2.011437	-2.309655	0.000000	0.009735	0.002263	0.832747	0.553564	1.968151
-2.011437	-2.309655	0.000000	0.009707	0.002339	0.833184	0.552906	1.969731
-2.012742	-2.520747	0.000000	0.010272	0.002546	0.834760	0.550512	1.975452
-2.012742	-2.520747	0.000000	0.010792	0.002756	0.836336	0.548104	1.981197
-2.012742	-2.520747	0.000000	0.011131	0.002971	0.836642	0.547629	1.982318
-2.012742	-2.520747	0.000000	0.009355	0.003234	0.837309	0.546640	1.984740
-2.012742	-2.520747	0.000000	0.006427	0.003437	0.843733	0.536713	2.008440
-2.012742	-2.520747	0.000000	0.005103	0.003849	0.852885	0.522059	2.043014
-2.012742	-2.520747	0.000000	0.003807	0.004023	0.863476	0.504358	2.084283
-2.012742	-2.520747	0.000000	0.001661	0.004095	0.873279	0.487200	2.123826
-2.012742	-2.520747	0.000000	0.000605	0.003246	0.881001	0.473103	2.155975
-2.012742	-2.520747	0.000000	0.000176	0.003288	0.890015	0.455919	2.194785
-2.012742	-2.520747	0.000000	-0.002068	0.002911	0.900255	0.435349	2.240746
-2.012742	-2.520747	0.000000	-0.003371	0.003002	0.910388	0.413731	2.288498
-2.012742	-2.520747	0.000000	-0.003279	0.002529	0.918402	0.395628	2.328091
-2.012742	-2.520747	0.000000	-0.002925	0.002198	0.924330	0.381578	2.358588
-2.012742	-2.520747	0.000000	-0.002007	0.000326	0.931505	0.363724	2.397065
-2.012742	-2.520747	0.000000	-0.001316	-0.002262	0.938247	0.345957	2.435070
-2.012742	-2.520747	0.000000	-0.002761	-0.002558	0.946534	0.322581	2.484665
-2.012742	-2.520747	0.000000	-0.000197	-0.003590	0.955248	0.295785	2.541041
-2.012742	-2.520747	0.000000	0.004079	-0.004330	0.962827	0.270053	2.594717
-2.012742	-2.520747	0.000000	0.003764	-0.003651	0.969532	0.244907	2.646762
-2.012742	-2.520747	0.000000	0.001619	-0.003341	0.975254	0.221055	2.695811
-2.012742	-2.520747	0.000000	0.004003	-0.002006	0.979410	0.201834	2.735139
-2.012742	-2.520747	0.000000	0.002015	0.000129	0.982706	0.185163	2.769113
-2.012742	-2.520747	0.000000	-0.002579	0.002793	0.985418	0.170106	2.799729
-2.012742	-2.520747	0.000000	-0.004384	0.003320	0.988643	0.150186	2.840102
-2.012742	-2.520747	0.000000	-0.004974	0.002842	0.991706	0.128402	2.884096
-2.012742	-2.520747	0.000000	-0.007887	0.004207	0.993863	0.110258	2.920673
-2.012742	-2.520747	0.000000	-0.011226	0.004669	0.994825	0.100868	2.939581
-1.613326	-2.523216	0.000000	-0.009665	0.001066	0.995517	0.094081	2.953147
-1.613326	-2.523216	0.000000	-0.006540	-0.001093	0.996506	0.083262	2.974852
-1.613326	-2.523216	0.000000	-0.003133	-0.002705	0.997103	0.075955	2.989518
-1.613326	-2.523216	0.000000	0.001635	-0.003265	0.997512	0.070408	3.000671
-1.613326	-2.523216	0.000000	0.003590	-0.003857	0.997918	0.064274	3.012983
-1.612021	-2.312125	0.000000	0.000050	-0.005171	0.998202	0.059705	3.022114
-1.612021	-2.312125	0.000000	-0.002158	-0.001906	0.998517	0.054358	3.032815
-1.612021	-2.312125	0.000000	-0.002368	0.001641	0.998627	0.052307	3.036938
-1.612021	-2.312125	0.000000	-0.003929	0.001529	0.998808	0.048627	3.044310
-1.612021	-2.312125	0.000000	-0.000154	0.003214	0.998930	0.046136	3.049289
-1.612021	-2.312125	0.000000	0.006006	0.004910	0.998901	0.046224	3.049049
-1.612021	-2.312125	0.000000	0.013211	0.004699	0.998880	0.045187	3.051042
-1.612021	-2.312125	0.000000	0.015753	0.005651	0.998871	0.044459	3.052437
-1.612021	-2.312125	0.000000	0.014217	0.007525	0.999005	0.041600	3.058133
-1.612021	-2.312125	0.000000	0.015413	0.007824	0.999056	0.039862	3.061580
-1.612021	-2.312125	0.000000	0.014210	0.005774	0.998943	0.043342	3.054693
-1.612021	-2.312125	0.000000	0.013411	0.006231	0.998963	0.043070	3.055238
-1.612021	-2.312125	0.000000	0.007721	0.008804	0.999090	0.041009	3.059412
-1.612021	-2.312125	0.000000	0.008854	0.008133	0.999048	0.041928	3.057562
-1.612021	-2.312125	0.000000	0.013198	0.008872	0.999103	0.039256	3.062809
-1.610715	-2.101034	0.000000	0.017181	0.009276	0.999041	0.039198	3.062827
-1.610715	-2.101034	0.000000	0.019156	0.007333	0.999039	0.038721	3.063810
-1.610715	-2.101034	0.000000	0.015054	0.005015	0.999223	0.036068	3.069267
-1.610715	-2.101034	0.000000	0.015721	0.003877	0.999229	0.035776	3.069879
-1.610715	-2.101034	0.000000	0.009520	0.006526	0.999302	0.035528	3.070390
-1.610715	-2.101034	0.000000	0.009973	0.009089	0.999204	0.037537	3.066312
-1.610715	-2.101034	0.000000	0.010529	0.008318	0.999132	0.039441	3.062506
-1.610715	-2.101034	0.000000	0.006280	0.007655	0.999129	0.040531	3.060411
-1.610715	-2.101034	0.000000	0.006966	0.008386	0.999066	0.041812	3.057824
-1.610715	-2.101034	0.000000	0.009963	0.008885	0.998995	0.042777	3.055827
-1.609410	-1.889943	0.000000	0.008060	0.008361	0.998794	0.047710	3.045996
-1.609410	-1.889943	0.000000	0.003976	0.008390	0.998700	0.050122	3.041242
-1.609410	-1.889943	0.000000	-0.001430	0.010981	0.998697	0.049813	3.041962
-1.609410	-1.889943	0.000000	-0.002696	0.011902	0.998707	0.049340	3.042942
-1.609410	-1.889943	0.000000	-0.001915	0.011152	0.998656	0.050571	3.040455
-1.609410	-1.889943	0.000000	-0.001355	0.011788	0.998546	0.052578	3.036428
-1.609410	-1.889943	0.000000	-0.002356	0.012166	0.998538	0.052626	3.036356
-1.609410	-1.889943	0.000000	-0.003636	0.011908	0.998579	0.051817	3.038003
-1.609410	-1.889943	0.000000	-0.004298	0.012423	0.998509	0.052983	3.035689
-1.609410	-1.889943	0.000000	-0.003096	0.013438	0.998432	0.054258	3.033115
-1.608105	-1.678851	0.000000	-0.003181	0.015058	0.998329	0.055703	3.030236
-1.608105	-1.678851	0.000000	-0.002174	0.011658	0.998134	0.059901	3.021777
-1.608105	-1.678851	0.000000	-0.003724	0.008626	0.997993	0.062627	3.016322
-1.608105	-1.678851	0.000000	-0.001859	0.009517	0.998134	0.060281	3.020998
-1.608105	-1.678851	0.000000	0.002261	0.011897	0.998186	0.058981	3.023516
-1.608105	-1.678851	0.000000	0.002482	0.010758	0.997931	0.063344	3.014773
-1.608105	-1.678851	0.000000	-0.001215	0.007646	0.997930	0.063834	3.013860
-1.608105	-1.678851	0.000000	-0.004525	0.007881	0.998244	0.058525	3.024547
-1.608105	-1.678851	0.000000	-0.007132	0.006068	0.998095	0.060985	3.019626
-1.608105	-1.678851	0.000000	-0.003776	0.005109	0.997865	0.065006	3.011526
-1.207384	-1.470230	0.000000	-0.001302	0.003858	0.997895	0.064716	3.012081
-1.207384	-1.470230	0.000000	-0.002617	0.004144	0.997967	0.063550	3.014428
-1.207384	-1.470230	0.000000	-0.005463	0.003837	0.997907	0.064321	3.012898
-1.207384	-1.470230	0.000000	-0.003956	0.006001	0.997855	0.065059	3.011429
-1.207384	-1.470230	0.000000	-0.003347	0.006436	0.997843	0.065245	3.011054
-1.207384	-1.470230	0.000000	-0.004258	0.005185	0.997797	0.065998	3.009542
-1.207384	-1.470230	0.000000	-0.004669	0.004570	0.997792	0.066090	3.009355
-1.207384	-1.470230	0.000000	-0.004549	0.005541	0.997838	0.065328	3.010891
-1.207384	-1.470230	0.000000	-0.004668	0.006181	0.997784	0.066081	3.009390
-1.207384	-1.470230	0.000000	-0.004870	0.005371	0.997738	0.066834	3.007874
-1.206079	-1.259139	0.000000	-0.005419	0.005012	0.997778	0.066209	3.009127
-1.206079	-1.259139	0.000000	-0.006026	0.005912	0.997834	0.065245	3.011076
-1.206079	-1.259139	0.000000	-0.006855	0.007423	0.997878	0.064328	3.012944
-1.206079	-1.259139	0.000000	-0.007835	0.008941	0.997862	0.064266	3.013105
-1.206079	-1.259139	0.000000	-0.008684	0.010295	0.997812	0.064729	3.012214
-1.206079	-1.259139	0.000000	-0.009553	0.011467	0.997770	0.065050	3.011608
-1.206079	-1.259139	0.000000	-0.009669	0.012048	0.997789	0.064634	3.012456
-1.206079	-1.259139	0.000000	-0.009627	0.012079	0.997818	0.064192	3.013342
-1.206079	-1.259139	0.000000	-0.009332	0.011511	0.997831	0.064139	3.013432
-1.206079	-1.259139	0.000000	-0.010236	0.012159	0.998077	0.059910	3.021939
-1.206079	-1.259139	0.000000	-0.010376	0.012315	0.998477	0.052773	3.036242
-1.206079	-1.259139	0.000000	-0.009400	0.012003	0.998765	0.047271	3.047235
-0.805358	-1.050517	0.000000	-0.008500	0.011611	0.998969	0.043046	3.055666
-0.805358	-1.050517	0.000000	-0.008747	0.011983	0.999248	0.035826	3.070132
-0.805358	-1.050517	0.000000	-0.008543	0.012104	0.999535	0.026649	3.088493
-0.805358	-1.050517	0.000000	-0.008762	0.012337	0.999753	0.016272	3.109262
-0.805358	-1.050517	0.000000	-0.007898	0.013029	0.999884	0.000306	3.141186
-0.805358	-1.050517	0.000000	-0.006988	0.013388	0.999761	-0.015794	-3.109816
-0.805358	-1.050517	0.000000	-0.005721	0.012926	0.999393	-0.031834	-3.077768
-0.805358	-1.050517	0.000000	-0.005025	0.012797	0.998716	-0.048752	-3.043927
-0.805358	-1.050517	0.000000	-0.005630	0.012379	0.998127	-0.059648	-3.022092
-0.805358	-1.050517	0.000000	-0.006475	0.013225	0.997896	-0.063132	-3.015077
-0.805358	-1.050517	0.000000	-0.005852	0.012720	0.997643	-0.067173	-3.007002
-0.805358	-1.050517	0.000000	-0.005088	0.011962	0.997453	-0.070137	-3.001087
-0.805358	-1.050517	0.000000	-0.006761	0.013596	0.997444	-0.069815	-3.001671
-0.805358	-1.050517	0.000000	-0.006536	0.013202	0.997603	-0.067611	-3.006100
-0.805358	-1.050517	0.000000	-0.005994	0.012798	0.997581	-0.068059	-3.005221
-0.805358	-1.050517	0.000000	-0.005449	0.012470	0.997622	-0.067561	-3.006237
-0.805358	-1.050517	0.000000	-0.005039	0.012052	0.997736	-0.065968	-3.009445
-0.805358	-1.050517	0.000000	-0.004711	0.011890	0.997881	-0.063793	-3.013814
-0.805358	-1.050517	0.000000	-0.004023	0.011583	0.998044	-0.061297	-3.018835
-0.805358	-1.050517	0.000000	-0.003239	0.011295	0.998045	-0.061381	-3.018686
-0.805358	-1.050517	0.000000	-0.002235	0.011094	0.998027	-0.061759	-3.017953
-0.805358	-1.050517	0.000000	-0.003466	0.011997	0.997996	-0.062031	-3.017376
-0.805358	-1.050517	0.000000	-0.002518	0.010242	0.997703	-0.066913	-3.007622
-0.805358	-1.050517	0.000000	-0.006063	0.011800	0.997438	-0.070285	-3.000766
-0.805358	-1.050517	0.000000	-0.007590	0.012795	0.997162	-0.073803	-2.993660
-0.805358	-1.050517	0.000000	-0.009773	0.014887	0.996975	-0.075652	-2.989851
-0.805358	-1.050517	0.000000	-0.013020	0.017739	0.996711	-0.077986	-2.984991
-0.805358	-1.050517	0.000000	-0.015556	0.019510	0.996328	-0.081896	-2.976988
-0.804053	-0.839426	0.000000	-0.016878	0.020222	0.995960	-0.085845	-2.968980
-0.804053	-0.839426	0.000000	-0.015716	0.019210	0.995836	-0.087718	-2.965303
-0.804053	-0.839426	0.000000	-0.015453	0.019983	0.995962	-0.086150	-2.968442
-0.804053	-0.839426	0.000000	-0.014009	0.020249	0.996164	-0.083965	-2.972890
-0.804053	-0.839426	0.000000	-0.013961	0.021910	0.996309	-0.081813	-2.977170
-0.804053	-0.839426	0.000000	-0.012695	0.022424	0.996212	-0.083050	-2.974741
-0.804053	-0.839426	0.000000	-0.013663	0.023118	0.996073	-0.084373	-2.972021
-0.804053	-0.839426	0.000000	-0.015335	0.023562	0.995855	-0.086503	-2.967645
-0.804053	-0.839426	0.000000	-0.016571	0.023750	0.995582	-0.089321	-2.961914
-0.804053	-0.839426	0.000000	-0.015670	0.022794	0.995417	-0.091538	-2.957538
-0.804053	-0.839426	0.000000	-0.014840	0.022170	0.995252	-0.093603	-2.953449
-0.804053	-0.839426	0.000000	-0.014444	0.022328	0.995137	-0.094849	-2.950964
-0.804053	-0.839426	0.000000	-0.014083	0.022505	0.995002	-0.096258	-2.948146
-0.804053	-0.839426	0.000000	-0.013582	0.022456	0.994815	-0.098257	-2.944157
-0.802748	-0.628335	0.000000	-0.013188	0.022260	0.994691	-0.099598	-2.941488
-0.802748	-0.628335	0.000000	-0.013196	0.022382	0.994644	-0.100046	-2.940585
-0.802748	-0.628335	0.000000	-0.012990	0.022361	0.994526	-0.101244	-2.938186
-0.802748	-0.628335	0.000000	-0.012947	0.022315	0.994352	-0.102946	-2.934769
-0.802748	-0.628335	0.000000	-0.012330	0.022123	0.994161	-0.104892	-2.930891
-0.802748	-0.628335	0.000000	-0.012775	0.022540	0.993880	-0.107383	-2.925851
-0.804053	-0.839426	0.000000	-0.012563	0.022665	0.993695	-0.109080	-2.922446
-0.802748	-0.628335	0.000000	-0.012864	0.023451	0.993183	-0.113456	-2.913608
-0.802748	-0.628335	0.000000	-0.012139	0.023113	0.992782	-0.117054	-2.906410
-0.802748	-0.628335	0.000000	-0.013773	0.025134	0.992586	-0.118114	-2.904144
-0.802748	-0.628335	0.000000	-0.015290	0.026926	0.992524	-0.118057	-2.904127
-0.802748	-0.628335	0.000000	-0.016006	0.027741	0.992674	-0.116503	-2.907191
-0.802748	-0.628335	0.000000	-0.017029	0.028408	0.992487	-0.117780	-2.904534
-0.802748	-0.628335	0.000000	-0.016947	0.027724	0.992227	-0.120125	-2.899834
-0.802748	-0.628335	0.000000	-0.017075	0.026929	0.992031	-0.121896	-2.896281
-0.802748	-0.628335	0.000000	-0.018183	0.026448	0.992002	-0.122072	-2.895867
-0.804053	-0.839426	0.000000	-0.019023	0.025547	0.992609	-0.117102	-2.905853
-0.804053	-0.839426	0.000000	-0.018663	0.024093	0.992734	-0.116406	-2.907322
-0.804053	-0.839426	0.000000	-0.017843	0.022493	0.992832	-0.116018	-2.908198
-0.804053	-0.839426	0.000000	-0.017573	0.021796	0.992674	-0.117531	-2.905186
-0.802748	-0.628335	0.000000	-0.017485	0.021816	0.992224	-0.121281	-2.897636
-0.804053	-0.839426	0.000000	-0.019627	0.024162	0.991906	-0.123099	-2.893777
-0.804053	-0.839426	0.000000	-0.019573	0.024555	0.991374	-0.127246	-2.885408
-0.804053	-0.839426	0.000000	-0.019509	0.024264	0.991041	-0.129878	-2.880112
-0.804053	-0.839426	0.000000	-0.018661	0.023100	0.990956	-0.130861	-2.878216
-0.804053	-0.839426	0.000000	-0.018016	0.022157	0.990855	-0.131876	-2.876233
-0.804053	-0.839426	0.000000	-0.017416	0.021683	0.991108	-0.130117	-2.879829
-0.804053	-0.839426	0.000000	-0.016999	0.021274	0.991314	-0.128668	-2.882788
-0.804053	-0.839426	0.000000	-0.017205	0.021568	0.991380	-0.128079	-2.883955
-0.804053	-0.839426	0.000000	-0.016715	0.021054	0.991403	-0.128051	-2.884053
-0.804053	-0.839426	0.000000	-0.017269	0.021530	0.991385	-0.128037	-2.884038
-0.804053	-0.839426	0.000000	-0.017571	0.021990	0.991484	-0.127155	-2.885787
-0.804053	-0.839426	0.000000	-0.017460	0.021956	0.991563	-0.126554	-2.887005
-0.804053	-0.839426	0.000000	-0.016752	0.021312	0.991627	-0.126260	-2.887656
-0.804053	-0.839426	0.000000	-0.015792	0.020603	0.991691	-0.125993	-2.888262
-0.804053	-0.839426	0.000000	-0.014692	0.020032	0.991567	-0.127188	-2.885924
-0.804053	-0.839426	0.000000	-0.014198	0.019912	0.991329	-0.129109	-2.882077
-0.804053	-0.839426	0.000000	-0.013569	0.020194	0.991206	-0.130074	-2.880155
-0.804053	-0.839426	0.000000	-0.013332	0.021279	0.991208	-0.129909	-2.880478
-0.804053	-0.839426	0.000000	-0.013083	0.022509	0.991737	-0.125617	-2.889120
-0.804053	-0.839426	0.000000	-0.013322	0.023675	0.992104	-0.122438	-2.895490
-0.804053	-0.839426	0.000000	-0.013078	0.023641	0.991895	-0.124155	-2.892044
-0.804053	-0.839426	0.000000	-0.011173	0.022342	0.991767	-0.125593	-2.889272
-0.804053	-0.839426	0.000000	-0.009733	0.021055	0.992180	-0.122635	-2.895324
-0.804053	-0.839426	0.000000	-0.009486	0.020342	0.992184	-0.122751	-2.895113
-0.804053	-0.839426	0.000000	-0.008293	0.019711	0.992046	-0.124043	-2.892570
-0.802748	-0.628335	0.000000	-0.009030	0.022111	0.992018	-0.123814	-2.892968
-0.802748	-0.628335	0.000000	-0.006929	0.023431	0.991487	-0.127890	-2.884846
-0.802748	-0.628335	0.000000	-0.004761	0.024734	0.991178	-0.130122	-2.880449
-1.202164	-0.625865	0.000000	-0.003909	0.025569	0.991125	-0.130391	-2.879949
-1.202164	-0.625865	0.000000	-0.004658	0.026143	0.990795	-0.132735	-2.875181
-0.802748	-0.628335	0.000000	-0.005661	0.026765	0.990210	-0.136881	-2.866759
-0.802748	-0.628335	0.000000	-0.006411	0.026999	0.989808	-0.139680	-2.861066
-1.202164	-0.625865	0.000000	-0.006847	0.027479	0.989421	-0.142283	-2.855780
-1.202164	-0.625865	0.000000	-0.007132	0.027987	0.988783	-0.146541	-2.847158
-1.202164	-0.625865	0.000000	-0.008280	0.027738	0.988244	-0.150116	-2.839863
-1.202164	-0.625865	0.000000	-0.010159	0.027553	0.987407	-0.155452	-2.828956
-1.202164	-0.625865	0.000000	-0.011470	0.027591	0.986394	-0.161659	-2.816304
-1.202164	-0.625865	0.000000	-0.012512	0.027818	0.985433	-0.167309	-2.804782
-1.202164	-0.625865	0.000000	-0.012727	0.028163	0.984130	-0.174736	-2.789693
-0.802748	-0.628335	0.000000	-0.012633	0.028787	0.982363	-0.184323	-2.770207
-1.202164	-0.625865	0.000000	-0.012241	0.029114	0.980730	-0.192797	-2.752977
-1.202164	-0.625865	0.000000	-0.011187	0.029416	0.978416	-0.204235	-2.729715
-1.202164	-0.625865	0.000000	-0.009751	0.029276	0.974956	-0.220245	-2.697059
-0.801442	-0.417243	0.000000	-0.008613	0.029977	0.970976	-0.237136	-2.662443
-0.801442	-0.417243	0.000000	-0.008061	0.030146	0.967419	-0.251251	-2.633381
-1.202164	-0.625865	0.000000	-0.007748	0.031164	0.964439	-0.262346	-2.610452
-1.202164	-0.625865	0.000000	-0.008248	0.030419	0.960354	-0.276995	-2.580007
-1.202164	-0.625865	0.000000	-0.008918	0.028539	0.955823	-0.292419	-2.547797
-0.801442	-0.417243	0.000000	-0.009209	0.028344	0.950969	-0.307848	-2.515443
-0.801442	-0.417243	0.000000	-0.008198	0.028738	0.944959	-0.325821	-2.477620
-1.202164	-0.625865	0.000000	-0.008233	0.027183	0.937740	-0.346176	-2.434408
-1.202164	-0.625865	0.000000	-0.008164	0.025309	0.930181	-0.366136	-2.391697
-1.202164	-0.625865	0.000000	-0.007004	0.024848	0.922057	-0.386192	-2.348474
-1.202164	-0.625865	0.000000	-0.007184	0.023493	0.912448	-0.408454	-2.299951
-1.200859	-0.414774	0.000000	-0.007128	0.022157	0.902568	-0.429918	-2.252674
-1.202164	-0.625865	0.000000	-0.006588	0.021744	0.892946	-0.449591	-2.208893
-1.200859	-0.414774	0.000000	-0.006142	0.021194	0.883189	-0.468497	-2.166351
-1.200859	-0.414774	0.000000	-0.005464	0.020789	0.874076	-0.485314	-2.128113
-1.200859	-0.414774	0.000000	-0.005381	0.020160	0.865153	-0.501073	-2.091882
-1.200859	-0.414774	0.000000	-0.005469	0.019422	0.857187	-0.514611	-2.060448
-1.200859	-0.414774	0.000000	-0.005843	0.018830	0.851301	-0.524307	-2.037738
-1.200859	-0.414774	0.000000	-0.005845	0.018638	0.847421	-0.530561	-2.023015
-1.200859	-0.414774	0.000000	-0.005624	0.018549	0.845100	-0.534257	-2.014290
-1.200859	-0.414774	0.000000	-0.005399	0.018454	0.844420	-0.535336	-2.011744
-1.200859	-0.414774	0.000000	-0.004878	0.018796	0.843835	-0.536251	-2.009596
-1.200859	-0.414774	0.000000	-0.004686	0.018955	0.842921	-0.537684	-2.006206
-1.200859	-0.414774	0.000000	-0.004794	0.019163	0.842495	-0.538342	-2.004641
-1.200859	-0.414774	0.000000	-0.005163	0.019671	0.841877	-0.539286	-2.002392
-1.200859	-0.414774	0.000000	-0.005226	0.020378	0.841327	-0.540117	-2.000421
-1.200859	-0.414774	0.000000	-0.004895	0.021337	0.840598	-0.541216	-1.997824
-1.200859	-0.414774	0.000000	-0.004327	0.022304	0.840050	-0.542033	-1.995906
-1.200859	-0.414774	0.000000	-0.003697	0.023238	0.839713	-0.542521	-1.994774
-1.200859	-0.414774	0.000000	-0.003211	0.023855	0.838752	-0.543981	-1.991315
-1.200859	-0.414774	0.000000	-0.003152	0.023545	0.838351	-0.544613	-1.989808
-1.200859	-0.414774	0.000000	-0.002859	0.022948	0.838116	-0.545001	-1.988884
-1.200859	-0.414774	0.000000	-0.003363	0.021239	0.838084	-0.545118	-1.988577
-1.200859	-0.414774	0.000000	-0.005139	0.019158	0.837310	-0.546368	-1.985526
-1.200859	-0.414774	0.000000	-0.005227	0.018080	0.836591	-0.547505	-1.982801
-1.200859	-0.414774	0.000000	-0.003573	0.018063	0.835708	-0.548865	-1.979596
-1.200859	-0.414774	0.000000	-0.003693	0.017577	0.834902	-0.550105	-1.976621
-1.200859	-0.414774	0.000000	-0.004032	0.017384	0.836528	-0.547634	-1.982522
-1.200859	-0.414774	0.000000	-0.003411	0.018149	0.835879	-0.548603	-1.980227
-1.200859	-0.414774	0.000000	-0.002717	0.018749	0.835241	-0.549559	-1.977961
-1.200859	-0.414774	0.000000	-0.002419	0.017993	0.834355	-0.550929	-1.974679
-1.200859	-0.414774	0.000000	-0.002992	0.016260	0.833419	-0.552394	-1.971142
-1.199554	-0.203683	0.000000	-0.004463	0.014611	0.832717	-0.553487	-1.968474
-1.199554	-0.203683	0.000000	-0.006175	0.012775	0.831869	-0.554791	-1.965290
-1.199554	-0.203683	0.000000	-0.007428	0.011841	0.831204	-0.555791	-1.962845
-1.199554	-0.203683	0.000000	-0.007959	0.011657	0.830484	-0.556864	-1.960244
-1.199554	-0.203683	0.000000	-0.008037	0.012121	0.829928	-0.557681	-1.958275
-1.199554	-0.203683	0.000000	-0.008173	0.012494	0.829181	-0.558781	-1.955618
-1.199554	-0.203683	0.000000	-0.008367	0.012474	0.828757	-0.559407	-1.954102
-1.199554	-0.203683	0.000000	-0.008545	0.012400	0.828187	-0.560250	-1.952060
-1.199554	-0.203683	0.000000	-0.008528	0.012499	0.827871	-0.560714	-1.950939
-1.199554	-0.203683	0.000000	-0.008441	0.012588	0.828105	-0.560368	-1.951780
-1.199554	-0.203683	0.000000	-0.008414	0.012577	0.828389	-0.559949	-1.952792
-1.199554	-0.203683	0.000000	-0.008484	0.012562	0.828372	-0.559974	-1.952729
-1.199554	-0.203683	0.000000	-0.008526	0.012495	0.828323	-0.560047	-1.952551
-1.199554	-0.203683	0.000000	-0.008475	0.012554	0.828338	-0.560024	-1.952608
-1.199554	-0.203683	0.000000	-0.008496	0.012586	0.828322	-0.560046	-1.952554
-1.199554	-0.203683	0.000000	-0.008516	0.012532	0.828499	-0.559785	-1.953185
-1.199554	-0.203683	0.000000	-0.008479	0.012543	0.828486	-0.559805	-1.953137
-1.199554	-0.203683	0.000000	-0.008479	0.012523	0.828503	-0.559781	-1.953195
-1.199554	-0.203683	0.000000	-0.008518	0.012541	0.828497	-0.559788	-1.953178
-1.199554	-0.203683	0.000000	-0.008506	0.012556	0.828481	-0.559811	-1.953121
-1.199554	-0.203683	0.000000	-0.008532	0.012507	0.828713	-0.559469	-1.953945
-1.199554	-0.203683	0.000000	-0.008487	0.012504	0.828705	-0.559482	-1.953917
-1.199554	-0.203683	0.000000	-0.008495	0.012505	0.828709	-0.559476	-1.953931
-1.598970	-0.201213	0.000000	-0.008490	0.012524	0.828700	-0.559488	-1.953902
-1.598970	-0.201213	0.000000	-0.008493	0.012512	0.828702	-0.559486	-1.953907
-1.598970	-0.201213	0.000000	-0.008498	0.012440	0.829021	-0.559015	-1.955043
-1.598970	-0.201213	0.000000	-0.008522	0.012467	0.829037	-0.558989	-1.955104
-1.598970	-0.201213	0.000000	-0.008538	0.012506	0.829025	-0.559006	-1.955062
-1.598970	-0.201213	0.000000	-0.008536	0.012521	0.829019	-0.559014	-1.955042
-1.598970	-0.201213	0.000000	-0.008541	0.012534	0.829007	-0.559032	-1.955000
-1.598970	-0.201213	0.000000	-0.008547	0.012532	0.829104	-0.558889	-1.955345
-1.598970	-0.201213	0.000000	-0.008553	0.012527	0.829070	-0.558940	-1.955222
-1.598970	-0.201213	0.000000	-0.008540	0.012530	0.829069	-0.558940	-1.955221
-1.598970	-0.201213	0.000000	-0.008562	0.012552	0.829079	-0.558924	-1.955258
-1.598970	-0.201213	0.000000	-0.008541	0.012546	0.829097	-0.558899	-1.955320
-1.598970	-0.201213	0.000000	-0.008569	0.012479	0.829300	-0.558598	-1.956044
-1.598970	-0.201213	0.000000	-0.008581	0.012520	0.829302	-0.558595	-1.956052
-1.598970	-0.201213	0.000000	-0.008547	0.012522	0.829281	-0.558626	-1.955978
-1.598970	-0.201213	0.000000	-0.008565	0.012501	0.829282	-0.558625	-1.955980
-1.598970	-0.201213	0.000000	-0.008563	0.012497	0.829291	-0.558612	-1.956011
-1.598970	-0.201213	0.000000	-0.008593	0.012464	0.829420	-0.558420	-1.956473
-1.598970	-0.201213	0.000000	-0.008618	0.012527	0.829387	-0.558468	-1.956358
-1.598970	-0.201213	0.000000	-0.008629	0.012519	0.829405	-0.558442	-1.956420
-1.598970	-0.201213	0.000000	-0.008619	0.012521	0.829395	-0.558457	-1.956384
-1.598970	-0.201213	0.000000	-0.008638	0.012505	0.829404	-0.558442	-1.956419
-1.598970	-0.201213	0.000000	-0.008659	0.012502	0.829450	-0.558374	-1.956581
-1.598970	-0.201213	0.000000	-0.008685	0.012498	0.829452	-0.558370	-1.956590
-1.598970	-0.201213	0.000000	-0.008701	0.012466	0.829445	-0.558381	-1.956563
-1.598970	-0.201213	0.000000	-0.008701	0.012491	0.829448	-0.558376	-1.956575
-1.598970	-0.201213	0.000000	-0.008722	0.012523	0.829441	-0.558386	-1.956550
-1.598970	-0.201213	0.000000	-0.008750	0.012469	0.829516	-0.558276	-1.956815
-1.598970	-0.201213	0.000000	-0.008749	0.012465	0.829524	-0.558264	-1.956845
-1.598970	-0.201213	0.000000	-0.008764	0.012462	0.829537	-0.558244	-1.956892
-1.598970	-0.201213	0.000000	-0.008762	0.012449	0.829545	-0.558232	-1.956921
-1.598970	-0.201213	0.000000	-0.008776	0.012455	0.829540	-0.558240	-1.956900
-1.598970	-0.201213	0.000000	-0.008777	0.012385	0.829614	-0.558130	-1.957165
-1.598970	-0.201213	0.000000	-0.008797	0.012395	0.829617	-0.558126	-1.957173
-1.598970	-0.201213	0.000000	-0.008808	0.012397	0.829628	-0.558109	-1.957214
-1.598970	-0.201213	0.000000	-0.008789	0.012353	0.829629	-0.558109	-1.957216
-1.598970	-0.201213	0.000000	-0.008790	0.012373	0.829625	-0.558115	-1.957201
-1.598970	-0.201213	0.000000	-0.008820	0.012349	0.829706	-0.557994	-1.957491
-1.598970	-0.201213	0.000000	-0.008848	0.012338	0.829704	-0.557997	-1.957483
-1.598970	-0.201213	0.000000	-0.008889	0.012325	0.829693	-0.558013	-1.957444
-1.598970	-0.201213	0.000000	-0.008871	0.012364	0.829684	-0.558025	-1.957415
-1.598970	-0.201213	0.000000	-0.008849	0.012366	0.829681	-0.558030	-1.957403
-1.598970	-0.201213	0.000000	-0.008881	0.012365	0.829680	-0.558032	-1.957399
-1.598970	-0.201213	0.000000	-0.008895	0.012389	0.829691	-0.558015	-1.957439
-1.598970	-0.201213	0.000000	-0.008913	0.012370	0.829690	-0.558016	-1.957434
-1.598970	-0.201213	0.000000	-0.008914	0.012364	0.829690	-0.558016	-1.957436
-1.598970	-0.201213	0.000000	-0.008950	0.012364	0.829693	-0.558011	-1.957445
-1.598970	-0.201213	0.000000	-0.008965	0.012337	0.829702	-0.557999	-1.957475
-1.598970	-0.201213	0.000000	-0.008983	0.012341	0.829712	-0.557982	-1.957513
-1.598970	-0.201213	0.000000	-0.009002	0.012344	0.829712	-0.557982	-1.957514
-1.598970	-0.201213	0.000000	-0.008985	0.012359	0.829702	-0.557997	-1.957477
-1.598970	-0.201213	0.000000	-0.008993	0.012369	0.829702	-0.557997	-1.957478
-1.598970	-0.201213	0.000000	-0.009019	0.012352	0.829735	-0.557948	-1.957595
-1.598970	-0.201213	0.000000	-0.009021	0.012369	0.829737	-0.557945	-1.957602
-1.597665	0.009878	0.000000	-0.009012	0.012374	0.829729	-0.557957	-1.957573
-1.597665	0.009878	0.000000	-0.009036	0.012386	0.829722	-0.557966	-1.957551
-1.597665	0.009878	0.000000	-0.009068	0.012387	0.829711	-0.557982	-1.957511
-1.597665	0.009878	0.000000	-0.009073	0.012389	0.829715	-0.557976	-1.957526
-1.597665	0.009878	0.000000	-0.009074	0.012383	0.829710	-0.557984	-1.957507
-1.597665	0.009878	0.000000	-0.009075	0.012404	0.829727	-0.557958	-1.957570
-1.597665	0.009878	0.000000	-0.009085	0.012395	0.829728	-0.557956	-1.957573
-1.597665	0.009878	0.000000	-0.009077	0.012419	0.829711	-0.557981	-1.957514
-1.597665	0.009878	0.000000	-0.009086	0.012395	0.829722	-0.557965	-1.957552
-1.597665	0.009878	0.000000	-0.009104	0.012395	0.829730	-0.557954	-1.957578
-1.597665	0.009878	0.000000	-0.009139	0.012402	0.829733	-0.557948	-1.957590
-1.597665	0.009878	0.000000	-0.009141	0.012410	0.829746	-0.557927	-1.957640
-1.597665	0.009878	0.000000	-0.009135	0.012420	0.829740	-0.557937	-1.957617
-1.597665	0.009878	0.000000	-0.009157	0.012387	0.829754	-0.557916	-1.957666
-1.597665	0.009878	0.000000	-0.009180	0.012373	0.829752	-0.557920	-1.957656
-1.597665	0.009878	0.000000	-0.009180	0.012373	0.829752	-0.557920	-1.957656
-1.597665	0.009878	0.000000	-0.009180	0.012373	0.829752	-0.557920	-1.957656
-1.597665	0.009878	0.000000	-0.009180	0.012373	0.829752	-0.557920	-1.957656
-1.597665	0.009878	0.000000	-0.009180	0.012373	0.829752	-0.557920	-1.957656
-1.597665	0.009878	0.000000	-0.009180	0.012373	0.829752	-0.557920	-1.957656
-1.597665	0.009878	0.000000	-0.009180	0.012373	0.829752	-0.557920	-1.957656
-1.597665	0.009878	0.000000	-0.009180	0.012373	0.829752	-0.557920	-1.957656
-1.597665	0.009878	0.000000	-0.009180	0.012373	0.829752	-0.557920	-1.957656
-1.597665	0.009878	0.000000	-0.009180	0.012373	0.829752	-0.557920	-1.957656
-1.597665	0.009878	0.000000	-0.009180	0.012373	0.829752	-0.557920	-1.957656
-1.597665	0.009878	0.000000	-0.009180	0.012373	0.829752	-0.557920	-1.957656
-1.597665	0.009878	0.000000	-0.009180	0.012373	0.829752	-0.557920	-1.957656
-1.597665	0.009878	0.000000	-0.009180	0.012373	0.829752	-0.557920	-1.957656
-1.597665	0.009878	0.000000	-0.009180	0.012373	0.829752	-0.557920	-1.957656
-1.597665	0.009878	0.000000	-0.009180	0.012373	0.829752	-0.557920	-1.957656
-1.597665	0.009878	0.000000	-0.009180	0.012373	0.829752	-0.557920	-1.957656
-1.597665	0.009878	0.000000	-0.009180	0.012373	0.829752	-0.557920	-1.957656
-1.597665	0.009878	0.000000	-0.009180	0.012373	0.829752	-0.557920	-1.957656
-1.597665	0.009878	0.000000	-0.009180	0.012373	0.829752	-0.557920	-1.957656
-1.597665	0.009878	0.000000	-0.009180	0.012373	0.829752	-0.557920	-1.957656
-1.597665	0.009878	0.000000	-0.009180	0.012373	0.829752	-0.557920	-1.957656
-1.597665	0.009878	0.000000	-0.009180	0.012373	0.829752	-0.557920	-1.957656
-1.597665	0.009878	0.000000	-0.009180	0.012373	0.829752	-0.557920	-1.957656
-1.597665	0.009878	0.000000	-0.009180	0.012373	0.829752	-0.557920	-1.957656
-1.597665	0.009878	0.000000	-0.009180	0.012373	0.829752	-0.557920	-1.957656
-1.597665	0.009878	0.000000	-0.009180	0.012373	0.829752	-0.557920	-1.957656
-1.597665	0.009878	0.000000	-0.009180	0.012373	0.829752	-0.557920	-1.957656
-1.597665	0.009878	0.000000	-0.009180	0.012373	0.829752	-0.557920	-1.957656
-1.597665	0.009878	0.000000	-0.009180	0.012373	0.829752	-0.557920	-1.957656
-1.597665	0.009878	0.000000	-0.009180	0.012373	0.829752	-0.557920	-1.957656
-1.597665	0.009878	0.000000	-0.009180	0.012373	0.829752	-0.557920	-1.957656
-1.597665	0.009878	0.000000	-0.009180	0.012373	0.829752	-0.557920	-1.957656
-1.597665	0.009878	0.000000	-0.009180	0.012373	0.829752	-0.557920	-1.957656
-1.597665	0.009878	0.000000	-0.009180	0.012373	0.829752	-0.557920	-1.957656
