0.000000	0.000000	0.000000	0.000000	0.000000	0.000000	0.000000	0.000000
0.000000	0.000000	0.000000	0.000000	0.000000	0.000000	0.000000	0.000000
0.000000	0.000000	0.000000	0.000000	0.000000	0.000000	0.000000	0.000000
0.000000	0.000000	0.000000	0.000000	0.000000	0.000000	0.000000	0.000000
0.000000	0.000000	0.000000	0.000000	0.000000	0.000000	0.000000	0.000000
0.000000	0.000000	0.000000	0.000000	0.000000	0.000000	0.000000	0.000000
0.000000	0.000000	0.000000	0.000000	0.000000	0.000000	0.000000	0.000000
0.000000	0.000000	0.000000	0.000000	0.000000	0.000000	0.000000	0.000000
0.000000	0.000000	0.000000	0.000000	0.000000	0.000000	0.000000	0.000000
0.000000	0.000000	0.000000	0.000000	0.000000	0.000000	0.000000	0.000000
0.000000	0.000000	0.000000	0.000000	0.000000	0.000000	0.000000	0.000000
0.000000	0.000000	0.000000	0.000000	0.000000	0.000000	0.000000	0.000000
0.000000	0.000000	0.000000	0.007969	-0.017453	-0.710054	0.703886	-1.579760
0.000000	0.000000	0.000000	0.007967	-0.017435	-0.710030	0.703911	-1.579689
0.000000	0.000000	0.000000	0.007980	-0.017406	-0.710025	0.703916	-1.579674
0.000000	0.000000	0.000000	0.007980	-0.017375	-0.710004	0.703938	-1.579612
0.000000	0.000000	0.000000	0.007964	-0.017384	-0.710004	0.703938	-1.579614
0.000000	0.000000	0.000000	0.007962	-0.017389	-0.709994	0.703948	-1.579584
0.000000	0.000000	0.000000	0.007955	-0.017400	-0.709972	0.703970	-1.579522
0.000000	0.000000	0.000000	0.007957	-0.017413	-0.709959	0.703983	-1.579487
0.000000	0.000000	0.000000	0.007965	-0.017416	-0.709940	0.704001	-1.579434
0.000000	0.000000	0.000000	0.007949	-0.017416	-0.709937	0.704005	-1.579426
0.000000	0.000000	0.000000	0.007935	-0.017406	-0.709916	0.704026	-1.579365
0.000000	0.000000	0.000000	0.007950	-0.017388	-0.709933	0.704009	-1.579413
0.000000	0.000000	0.000000	0.007928	-0.017391	-0.709930	0.704013	-1.579404
0.000000	0.000000	0.000000	0.007937	-0.017401	-0.709882	0.704061	-1.579268
0.000000	0.000000	0.000000	0.007924	-0.017405	-0.709843	0.704100	-1.579158
0.000000	0.000000	0.000000	0.007938	-0.017406	-0.709835	0.704108	-1.579134
0.000000	0.000000	0.000000	0.007930	-0.017418	-0.709824	0.704119	-1.579104
0.000000	0.000000	0.000000	0.007930	-0.017416	-0.709788	0.704155	-1.579002
0.000000	0.000000	0.000000	0.007920	-0.017373	-0.709791	0.704153	-1.579008
0.000000	0.000000	0.000000	0.007919	-0.017388	-0.709791	0.704153	-1.579007
0.000000	0.000000	0.000000	0.007935	-0.017376	-0.709758	0.704187	0.000471
0.000000	0.000000	0.000000	0.007927	-0.017391	-0.709743	0.704202	0.000512
0.000000	0.000000	0.000000	0.007917	-0.017418	-0.709725	0.704219	0.000561
0.000000	0.000000	0.000000	0.007938	-0.017445	-0.709666	0.704278	0.000726
0.000000	0.000000	0.000000	0.007946	-0.017476	-0.709656	0.704287	0.000753
0.000000	0.000000	0.000000	0.007937	-0.017430	-0.709670	0.704274	0.000716
0.000000	0.000000	0.000000	0.007914	-0.017431	-0.709656	0.704289	0.000756
0.000000	0.000000	0.000000	0.007902	-0.017436	-0.709636	0.704309	0.000812
0.000000	0.000000	0.000000	0.007874	-0.017461	-0.709610	0.704334	0.000883
0.000000	0.000000	0.000000	0.007883	-0.017469	-0.709597	0.704347	0.000921
0.000000	0.000000	0.000000	0.007908	-0.017472	-0.709587	0.704357	0.000949
0.000000	0.000000	0.000000	0.007911	-0.017448	-0.709595	0.704350	0.000928
0.000000	0.000000	0.000000	0.007878	-0.017467	-0.709578	0.704367	0.000975
0.000000	0.000000	0.000000	0.007915	-0.017462	-0.709578	0.704366	0.000975
0.000000	0.000000	0.000000	0.007903	-0.017443	-0.709552	0.704393	0.001051
0.000000	0.000000	0.000000	0.007875	-0.017435	-0.709510	0.704436	0.001169
0.000000	0.000000	0.000000	0.007861	-0.017443	-0.709504	0.704442	0.001186
0.000000	0.000000	0.000000	0.007860	-0.017454	-0.709495	0.704450	0.001210
0.000000	0.000000	0.000000	0.007838	-0.017452	-0.709502	0.704444	0.001192
0.000000	0.000000	0.000000	0.007812	-0.017466	-0.709468	0.704478	0.001286
0.000000	0.000000	0.000000	0.007828	-0.017458	-0.709460	0.704486	0.001309
0.000000	0.000000	0.000000	0.007812	-0.017459	-0.709456	0.704490	0.001322
0.000000	0.000000	0.000000	0.007816	-0.017426	-0.709444	0.704503	0.001358
0.000000	0.000000	0.000000	0.007826	-0.017410	-0.709446	0.704501	0.001352
0.000000	0.000000	0.000000	0.007815	-0.017382	-0.709428	0.704520	0.001406
0.000000	0.000000	0.000000	0.007789	-0.017370	-0.709425	0.704524	0.001416
0.000000	0.000000	0.000000	0.007782	-0.017330	-0.709435	0.704515	0.001391
0.000000	0.000000	0.000000	0.007802	-0.017308	-0.709418	0.704532	0.001439
0.000000	0.000000	0.000000	0.007783	-0.017291	-0.709399	0.704552	0.001494
0.000000	0.000000	0.000000	0.007795	-0.017259	-0.709386	0.704566	0.001533
0.000000	0.000000	0.000000	0.007787	-0.017249	-0.709394	0.704558	0.001513
0.000000	0.000000	0.000000	0.007766	-0.017250	-0.709410	0.704542	0.001466
0.000000	0.000000	0.000000	0.007759	-0.017231	-0.709387	0.704566	0.001532
0.000000	0.000000	0.000000	0.007736	-0.017217	-0.709376	0.704578	0.001566
0.000000	0.000000	0.000000	0.007734	-0.017208	-0.709391	0.704563	0.001524
0.000000	0.000000	0.000000	0.007712	-0.017228	-0.709373	0.704580	0.001572
0.000000	0.000000	0.000000	0.007724	-0.017226	-0.709353	0.704600	0.001628
0.000000	0.000000	0.000000	0.007719	-0.017220	-0.709353	0.704601	0.001630
0.000000	0.000000	0.000000	0.007718	-0.017243	-0.709346	0.704607	0.001648
0.000000	0.000000	0.000000	0.007677	-0.017281	-0.709506	0.704446	0.001192
0.000000	0.000000	0.000000	0.007530	-0.017336	-0.709790	0.704159	0.000381
0.000000	0.000000	0.000000	0.007344	-0.017208	-0.709994	0.703959	-0.000189
0.000000	0.000000	0.000000	0.007039	-0.016649	-0.710016	0.703954	-0.000213
0.000000	0.000000	0.000000	0.006561	-0.015894	-0.710030	0.703962	-0.000203
0.000000	0.000000	0.000000	0.006044	-0.015059	-0.710017	0.703997	-0.000117
0.000000	0.000000	0.000000	0.005431	-0.014127	-0.710176	0.703862	-0.000511
0.000000	0.000000	0.000000	0.004167	-0.012998	-0.710500	0.703565	-0.001373
0.000000	0.000000	0.000000	0.002869	-0.011801	-0.710684	0.703407	-0.001835
0.000104	0.016887	0.000000	0.002073	-0.010541	-0.712500	0.701590	-0.006950
0.000200	0.032424	0.000000	0.002030	-0.008744	-0.714037	0.700051	-0.011265
0.000289	0.046717	0.000000	0.002248	-0.006601	-0.715306	0.698777	-0.014828
0.000266	0.042980	0.000000	0.002451	-0.005808	-0.714491	0.699616	-0.012477
0.000244	0.039541	0.000000	0.002114	-0.006697	-0.713661	0.700456	-0.010129
-0.031624	0.053463	0.000000	0.002754	-0.006076	-0.716321	0.697739	-0.017723
-0.060943	0.066271	0.000000	0.004096	-0.004213	-0.718437	0.695567	-0.023758
-0.087916	0.078054	0.000000	0.004638	-0.004594	-0.720876	0.693033	-0.030791
-0.112732	0.088894	0.000000	0.005732	-0.004949	-0.722968	0.690840	-0.036843
-0.135562	0.098868	0.000000	0.008285	-0.002348	-0.725522	0.688145	-0.044214
-0.156566	0.108043	0.000000	0.010452	0.000228	-0.729505	0.683896	-0.055820
-0.175890	0.116485	0.000000	0.011367	0.002918	-0.731144	0.682122	-0.060643
-0.193667	0.124251	0.000000	0.009641	0.001109	-0.731633	0.681630	-0.062056
-0.210023	0.131395	0.000000	0.008074	-0.000939	-0.732612	0.680597	-0.064928
-0.225070	0.137969	0.000000	0.007326	-0.002420	-0.734323	0.678756	-0.069969
-0.238809	0.160903	0.000000	0.007567	-0.002392	-0.736458	0.676436	-0.076270
-0.251449	0.182003	0.000000	0.008751	-0.002098	-0.737191	0.675624	-0.078437
-0.263077	0.201415	0.000000	0.010306	-0.001511	-0.738600	0.674063	-0.082612
-0.273776	0.219274	0.000000	0.011462	-0.001148	-0.740210	0.672277	-0.087397
-0.283618	0.235704	0.000000	0.012471	-0.000652	-0.741663	0.670657	-0.091725
-0.292673	0.250820	0.000000	0.013749	-0.000087	-0.743874	0.668179	-0.098334
-0.301004	0.264727	0.000000	0.015257	0.000490	-0.745043	0.666842	-0.101845
-0.308668	0.277521	0.000000	0.016467	-0.000696	-0.746239	0.665474	-0.105437
-0.315719	0.289291	0.000000	0.017181	-0.002442	-0.747439	0.664104	-0.109055
-0.322206	0.300120	0.000000	0.017153	-0.003441	-0.749081	0.662247	-0.114016
-0.328174	0.310082	0.000000	0.017020	-0.004041	-0.750789	0.660310	-0.119188
-0.333664	0.319248	0.000000	0.017122	-0.004110	-0.751486	0.659514	-0.121302
-0.338716	0.327680	0.000000	0.017113	-0.003414	-0.752814	0.658002	-0.125325
-0.343363	0.335438	0.000000	0.016658	-0.002907	-0.753925	0.656743	-0.128697
-0.347638	0.342575	0.000000	0.015015	-0.002688	-0.755245	0.655265	-0.132714
-0.351572	0.349141	0.000000	0.014089	-0.002554	-0.756760	0.653536	-0.137338
-0.355191	0.355182	0.000000	0.013132	-0.002921	-0.757128	0.653128	-0.138465
-0.358520	0.360740	0.000000	0.011616	-0.003536	-0.758286	0.651808	-0.142016
-0.361583	0.365853	0.000000	0.009186	-0.003734	-0.759716	0.650180	-0.146404
-0.364401	0.370557	0.000000	0.007145	-0.003571	-0.760459	0.649337	-0.148684
-0.366993	0.374884	0.000000	0.007230	-0.004129	-0.761236	0.648421	-0.151088
-0.369378	0.378866	0.000000	0.007955	-0.005613	-0.762677	0.646707	-0.155566
-0.371572	0.382528	0.000000	0.007195	-0.007318	-0.764118	0.644995	-0.160070
-0.373591	0.385898	0.000000	0.006542	-0.009472	-0.765755	0.643029	-0.165230
-0.375448	0.388999	0.000000	0.009592	-0.010144	-0.768866	0.639257	-0.174958
-0.377052	0.408738	0.000000	0.011622	-0.009423	-0.772264	0.635126	-0.185594
-0.410482	0.427096	0.000000	0.012268	-0.010399	-0.772327	0.635021	-0.185833
-0.441236	0.443985	0.000000	0.012344	-0.010675	-0.772812	0.634426	-0.187371
-0.469531	0.459524	0.000000	0.010899	-0.011991	-0.772483	0.634829	-0.186392
-0.495562	0.473819	0.000000	0.009782	-0.011817	-0.772463	0.634874	-0.186323
-0.519510	0.486970	0.000000	0.007993	-0.013793	-0.772820	0.634425	-0.187552
-0.541543	0.499070	0.000000	0.007508	-0.014703	-0.772833	0.634394	-0.187649
-0.561813	0.510201	0.000000	0.006876	-0.015056	-0.774285	0.632621	-0.192256
-0.580461	0.520442	0.000000	0.007796	-0.017023	-0.772119	0.635202	-0.185554
-0.597617	0.529863	0.000000	0.009725	-0.019169	-0.770610	0.636945	-0.180968
-0.613297	0.555419	0.000000	0.011874	-0.019995	-0.771258	0.636097	-0.183067
-0.627722	0.578929	0.000000	0.012471	-0.020009	-0.771032	0.636360	-0.182355
-0.640993	0.600559	0.000000	0.012439	-0.018780	-0.771374	0.635984	-0.183331
-0.653203	0.620459	0.000000	0.011975	-0.018038	-0.771916	0.635355	-0.184982
-0.664436	0.638766	0.000000	0.010966	-0.018664	-0.772310	0.634878	-0.186269
-0.674770	0.655609	0.000000	0.011163	-0.019189	-0.771284	0.636103	-0.183085
-0.684277	0.671105	0.000000	0.010953	-0.019565	-0.769915	0.637753	-0.178818
-0.693024	0.685361	0.000000	0.010190	-0.020302	-0.768766	0.639127	-0.175284
-0.701071	0.698476	0.000000	0.009205	-0.021017	-0.767476	0.640667	-0.171319
-0.708474	0.710542	0.000000	0.008285	-0.021805	-0.765691	0.642785	-0.165833
-0.715285	0.721643	0.000000	0.007640	-0.021479	-0.764236	0.644533	-0.161287
-0.721551	0.731856	0.000000	0.006855	-0.020578	-0.761948	0.647275	-0.154128
-0.727212	0.758139	0.000000	0.006867	-0.019638	-0.758963	0.650801	-0.144854
-0.732419	0.782320	0.000000	0.006530	-0.019630	-0.758046	0.651873	-0.142039
-0.737210	0.804566	0.000000	0.006245	-0.020227	-0.756540	0.653605	-0.137476
-0.741618	0.825032	0.000000	0.006138	-0.020144	-0.757360	0.652658	-0.139980
-0.745673	0.843861	0.000000	0.006269	-0.019317	-0.753628	0.656988	-0.128515
-0.749404	0.861184	0.000000	0.005817	-0.020142	-0.748865	0.662391	-0.114149
-0.752836	0.877121	0.000000	0.005573	-0.019310	-0.740220	0.672064	-0.088177
-0.755994	0.891782	0.000000	0.005487	-0.017865	-0.731579	0.681501	-0.062536
-0.758899	0.905271	0.000000	0.005923	-0.017843	-0.724858	0.688642	-0.042918
-0.761571	0.917681	0.000000	0.006144	-0.018380	-0.716237	0.697588	-0.018086
-0.764030	0.929098	0.000000	0.006275	-0.017939	-0.705854	0.708102	0.011483
-0.766292	0.939602	0.000000	0.005979	-0.017070	-0.697628	0.716232	0.034640
-0.768374	0.949265	0.000000	0.005540	-0.017648	-0.692974	0.720725	0.047554
-0.770288	0.958156	0.000000	0.005197	-0.018898	-0.689051	0.724448	0.058321
-0.772050	0.966335	0.000000	0.005302	-0.018197	-0.682966	0.730205	0.075102
-0.773670	0.973860	0.000000	0.005443	-0.019402	-0.674914	0.737621	0.096950
-0.775161	0.980782	0.000000	0.005955	-0.019022	-0.665805	0.745860	0.121535
-0.776533	0.987151	0.000000	0.007555	-0.017519	-0.656474	0.754107	0.146513
-0.777795	0.993011	0.000000	0.008666	-0.016758	-0.647863	0.761523	0.169278
-0.778956	0.998402	0.000000	0.008741	-0.016195	-0.636432	0.771113	0.199141
-0.780024	1.003361	0.000000	0.008755	-0.015235	-0.625380	0.780123	0.227690
-0.780902	1.024811	0.000000	0.008771	-0.014609	-0.616601	0.787091	0.250126
-0.781710	1.044545	0.000000	0.008290	-0.014545	-0.610786	0.791618	0.264861
-0.814407	1.062898	0.000000	0.008347	-0.011877	-0.595114	0.803510	0.304285
-0.844488	1.079782	0.000000	0.009294	-0.009530	-0.580532	0.814129	0.340431
-0.872162	1.095316	0.000000	0.007719	-0.006454	-0.571636	0.820445	0.362298
-0.897622	1.109607	0.000000	0.008033	-0.008969	-0.564685	0.825219	0.379114
-0.921046	1.122755	0.000000	0.010505	-0.011073	-0.555477	0.831392	0.401253
-0.942596	1.134851	0.000000	0.011979	-0.009405	-0.553020	0.833029	0.407223
-0.962422	1.145979	0.000000	0.011881	-0.008141	-0.546195	0.837535	0.423610
-0.980661	1.156218	0.000000	0.012471	-0.004924	-0.535514	0.844420	0.449103
-0.997442	1.165637	0.000000	0.014305	-0.005044	-0.531192	0.847116	0.459325
-1.012880	1.174302	0.000000	0.014449	-0.005031	-0.529680	0.848059	0.462891
-1.027083	1.182274	0.000000	0.012618	-0.005732	-0.525303	0.850802	0.473169
-1.040150	1.189609	0.000000	0.012872	-0.006401	-0.520103	0.853982	0.485349
-1.052171	1.196356	0.000000	0.012500	-0.006729	-0.518301	0.855080	0.489555
-1.063231	1.202564	0.000000	0.016805	-0.003037	-0.515475	0.856734	0.496277
-1.073406	1.208276	0.000000	0.018065	-0.000822	-0.512078	0.858748	0.504255
-1.082767	1.213530	0.000000	0.017801	0.003460	-0.510644	0.859601	0.507648
-1.091379	1.218364	0.000000	0.019476	0.005372	-0.502423	0.864385	0.526755
-1.099302	1.222811	0.000000	0.022017	0.006884	-0.491297	0.870687	0.552459
-1.106591	1.226903	0.000000	0.023351	0.009894	-0.480344	0.876713	0.577563
-1.113297	1.230667	0.000000	0.015799	0.003618	-0.477136	0.878680	0.584714
-1.151420	1.234328	0.000000	0.014646	-0.002986	-0.479220	0.877568	0.579855
-1.186494	1.237695	0.000000	0.015644	-0.003864	-0.479419	0.877438	0.579384
-1.218761	1.240794	0.000000	0.023874	0.000390	-0.482622	0.875503	0.572269
-1.248447	1.243644	0.000000	0.019489	0.000657	-0.483613	0.875064	0.569952
-1.275758	1.246267	0.000000	0.013659	0.003211	-0.485022	0.874389	0.566694
-1.300884	1.248679	0.000000	0.010530	0.002349	-0.481908	0.876156	0.573773
-1.324000	1.250899	0.000000	0.009770	0.002525	-0.478797	0.877867	0.580860
-1.345267	1.252941	0.000000	0.012708	-0.003260	-0.478226	0.878139	0.582105
-1.364832	1.254820	0.000000	0.016320	-0.003127	-0.479047	0.877632	0.580255
-1.382832	1.256548	0.000000	0.018468	-0.005453	-0.478639	0.877801	0.581126
-1.399392	1.258138	0.000000	0.016832	-0.009487	-0.480226	0.876932	0.577345
-1.414628	1.259601	0.000000	0.016968	-0.011005	-0.480345	0.876847	0.577003
-1.428644	1.260947	0.000000	0.016968	-0.012243	-0.479888	0.877080	0.577982
-1.441539	1.262185	0.000000	0.016449	-0.012924	-0.479425	0.877334	0.579004
-1.453403	1.263324	0.000000	0.015277	-0.013708	-0.478880	0.877640	0.580207
-1.464317	1.264372	0.000000	0.015039	-0.014279	-0.478646	0.877763	0.580711
-1.506312	1.265534	0.000000	0.015126	-0.015052	-0.478162	0.878012	0.581768
-1.544947	1.266603	0.000000	0.015362	-0.015580	-0.478433	0.877851	0.581118
-1.580387	1.284473	0.000000	0.015409	-0.015864	-0.478896	0.877593	0.580046
-1.612992	1.300914	0.000000	0.014990	-0.016186	-0.478082	0.878038	0.581885
-1.643092	1.299153	0.000000	0.015571	-0.016141	-0.477202	0.878508	0.583886
-1.670681	1.314419	0.000000	0.016385	-0.016352	-0.476427	0.878909	0.585628
-1.696062	1.328465	0.000000	0.016613	-0.016573	-0.474938	0.879706	0.588997
-1.719412	1.341386	0.000000	0.016312	-0.016381	-0.469513	0.882623	0.601320
-1.740895	1.353274	0.000000	0.015911	-0.016585	-0.462799	0.886165	0.616488
-1.760659	1.364211	0.000000	0.015865	-0.016726	-0.458355	0.888470	0.626491
-1.778842	1.374273	0.000000	0.016147	-0.016634	-0.450941	0.892253	0.643142
-1.795570	1.383530	0.000000	0.016308	-0.014997	-0.444046	0.895730	0.658658
-1.810960	1.392046	0.000000	0.016689	-0.013069	-0.436798	0.899310	0.674908
-1.825119	1.399881	0.000000	0.017439	-0.010816	-0.431116	0.902063	0.687633
-1.838145	1.407090	0.000000	0.018387	-0.008606	-0.420946	0.906859	0.710214
-1.850129	1.413721	0.000000	0.018449	-0.007217	-0.407934	0.912796	0.738864
-1.861154	1.419823	0.000000	0.019113	-0.005893	-0.401068	0.915830	0.753934
-1.871298	1.425436	0.000000	0.019889	-0.006369	-0.394386	0.918708	0.768481
-1.880629	1.430599	0.000000	0.020516	-0.008504	-0.386984	0.921819	0.784464
-1.889215	1.435350	0.000000	0.021569	-0.008709	-0.382451	0.923683	0.794274
-1.897113	1.439721	0.000000	0.022216	-0.009118	-0.377861	0.925551	0.804176
-1.904380	1.443742	0.000000	0.020985	-0.008069	-0.372881	0.927607	0.814970
-1.911065	1.447442	0.000000	0.019362	-0.006197	-0.366421	0.930227	0.828955
-1.917215	1.450845	0.000000	0.016649	-0.007058	-0.359329	0.933036	0.844139
-1.922874	1.453976	0.000000	0.017273	-0.009383	-0.354071	0.935012	0.855292
-1.928079	1.456857	0.000000	0.015425	-0.013059	-0.345442	0.938222	0.873550
-1.932869	1.459507	0.000000	0.012357	-0.016678	-0.335442	0.941832	0.894681
-1.937275	1.461946	0.000000	0.011919	-0.017537	-0.329453	0.943934	0.907348
-1.941329	1.464189	0.000000	0.012448	-0.016416	-0.328308	0.944346	0.909821
-1.977011	1.466450	0.000000	0.017263	-0.012143	-0.319604	0.947316	0.928367
-2.009839	1.468530	0.000000	0.016015	-0.015815	-0.309274	0.950706	0.949954
-2.040041	1.470444	0.000000	0.015079	-0.015622	-0.309008	0.950812	0.950539
-2.067827	1.472205	0.000000	0.018256	-0.014633	-0.306261	0.951660	0.956317
-2.093389	1.473825	0.000000	0.022267	-0.013548	-0.300139	0.953539	0.969176
-2.116907	1.475315	0.000000	0.022013	-0.011810	-0.298881	0.953963	0.971918
-2.138543	1.476687	0.000000	0.018464	-0.012652	-0.299338	0.953885	0.970948
-2.158449	1.477948	0.000000	0.015793	-0.011176	-0.296156	0.954944	0.977715
-2.176762	1.479109	0.000000	0.015793	-0.015054	-0.295419	0.955119	0.979069
-2.193610	1.480176	0.000000	0.015894	-0.016169	-0.295872	0.954958	0.978059
-2.209110	1.481158	0.000000	0.014563	-0.014957	-0.294808	0.955328	0.980372
-2.223370	1.482062	0.000000	0.011566	-0.016359	-0.296659	0.954773	0.976486
-2.236489	1.482894	0.000000	0.008670	-0.010538	-0.295748	0.955168	0.978677
-2.248559	1.483658	0.000000	0.001475	-0.001252	-0.292807	0.956170	0.985058
-2.259663	1.484362	0.000000	-0.001426	-0.000321	-0.294771	0.955567	0.980952
-2.269879	1.485010	0.000000	0.003104	-0.004911	-0.297754	0.954625	0.974661
-2.279278	1.485605	0.000000	0.005663	-0.002031	-0.293422	0.955964	0.983761
-2.287924	1.486153	0.000000	0.007107	-0.004946	-0.293347	0.955967	0.983865
-2.295879	1.486657	0.000000	0.005631	-0.004629	-0.294301	0.955685	0.981881
-2.303198	1.487121	0.000000	0.004633	-0.002382	-0.293162	0.956048	0.984300
-2.341884	1.487745	0.000000	0.005167	0.001973	-0.293429	0.955965	0.983780
-2.377476	1.488320	0.000000	0.007513	0.001197	-0.292265	0.956307	0.986221
-2.410220	1.488848	0.000000	0.006966	-0.003515	-0.292453	0.956248	0.985762
-2.440345	1.489334	0.000000	0.008716	-0.001131	-0.292712	0.956160	0.985260
-2.468059	1.489781	0.000000	0.009704	0.001435	-0.291312	0.956578	0.988232
-2.493661	1.473305	0.000000	0.010616	0.001743	-0.291529	0.956501	0.987790
-2.517215	1.458147	0.000000	0.011234	0.001845	-0.293042	0.956032	0.984632
-2.538884	1.444202	0.000000	0.010835	0.000437	-0.292128	0.956318	0.986519
-2.558820	1.431373	0.000000	0.010849	-0.000562	-0.290062	0.956946	0.990820
-2.577057	1.436457	0.000000	0.011458	-0.001545	-0.290191	0.956899	0.990531
-2.593939	1.424247	0.000000	0.011220	-0.003230	-0.291016	0.956647	0.988770
-2.609470	1.413014	0.000000	0.011241	-0.003487	-0.290299	0.956864	0.990262
-2.623759	1.402679	0.000000	0.010756	-0.003608	-0.289377	0.957148	0.992186
-2.636905	1.393172	0.000000	0.009985	-0.003678	-0.288581	0.957396	0.993847
-2.648999	1.384424	0.000000	0.009651	-0.003729	-0.289126	0.957235	0.992708
-2.660126	1.376377	0.000000	0.009730	-0.003758	-0.288304	0.957482	0.994425
-2.670363	1.368974	0.000000	0.009527	-0.003556	-0.288569	0.957405	0.993874
-2.679780	1.362162	0.000000	0.009180	-0.003398	-0.288698	0.957370	0.993610
-2.720398	1.356094	0.000000	0.008901	-0.003328	-0.288265	0.957504	0.994516
-2.757766	1.350510	0.000000	0.008628	-0.003429	-0.287663	0.957687	0.995770
-2.792144	1.345374	0.000000	0.008543	-0.003555	-0.287283	0.957801	0.996562
-2.823773	1.340648	0.000000	0.008711	-0.003201	-0.284516	0.958626	1.002344
-2.852871	1.336300	0.000000	0.008111	-0.002976	-0.278531	0.960388	1.014822
-2.879641	1.332300	0.000000	0.008223	-0.003949	-0.270954	0.962549	1.030563
-2.904270	1.328621	0.000000	0.008824	-0.004805	-0.263254	0.964674	1.046522
-2.926928	1.325235	0.000000	0.009017	-0.005170	-0.255234	0.966823	1.063121
-2.947774	1.322120	0.000000	0.008898	-0.005119	-0.245306	0.969391	1.083631
-2.966952	1.319255	0.000000	0.008048	-0.004689	-0.235002	0.971950	1.104873
-2.984595	1.316619	0.000000	0.007726	-0.005465	-0.223122	0.974744	1.129268
-3.000828	1.314193	0.000000	0.007541	-0.006255	-0.210774	0.977486	1.154550
-3.015761	1.311962	0.000000	0.006479	-0.007546	-0.196664	0.980420	1.183359
-3.029500	1.309909	0.000000	0.007013	-0.008167	-0.183601	0.982942	1.209952
-3.042140	1.308021	0.000000	0.006784	-0.009264	-0.167907	0.985736	1.241816
-3.053769	1.306283	0.000000	0.005863	-0.009926	-0.155023	0.987843	1.267931
-3.064467	1.304685	0.000000	0.004867	-0.010927	-0.142959	0.989656	1.292332
-3.074310	1.303214	0.000000	0.003997	-0.011366	-0.133181	0.991018	1.312090
-3.083365	1.301861	0.000000	0.002721	-0.011960	-0.118800	0.992842	1.341107
-3.091696	1.300616	0.000000	0.001668	-0.012086	-0.101061	0.994805	1.376833
-3.099360	1.299471	0.000000	0.000626	-0.012515	-0.081515	0.996593	1.416118
-3.106411	1.298418	0.000000	0.000750	-0.013529	-0.057415	0.998258	1.464438
-3.112898	1.297449	0.000000	0.001698	-0.013406	-0.036363	0.999247	1.506577
-3.118866	1.296557	0.000000	0.003421	-0.013556	-0.016917	0.999759	1.545446
-3.124357	1.295736	0.000000	0.005946	-0.013784	0.004804	0.999876	1.588831
-3.129408	1.294982	0.000000	0.006012	-0.012360	0.024997	0.999593	1.629245
-3.134055	1.294287	0.000000	0.005344	-0.010475	0.038614	0.999185	1.656531
-3.138331	1.293649	0.000000	0.004753	-0.009196	0.046603	0.998860	1.672546
-3.174218	1.293258	0.000000	0.002780	-0.006255	0.060231	0.998161	1.699889
-3.207233	1.292899	0.000000	0.001843	-0.006114	0.074343	0.997212	1.728192
-3.237608	1.292569	0.000000	0.001880	-0.005932	0.088698	0.996039	1.757000
-3.265552	1.292265	0.000000	0.001206	-0.003839	0.102847	0.994689	1.785437
-3.291261	1.291986	0.000000	0.001009	-0.004320	0.110848	0.993827	1.801533
-3.314914	1.291729	0.000000	0.002171	-0.005189	0.120575	0.992688	1.821108
-3.336674	1.291492	0.000000	0.002728	-0.004442	0.128393	0.991710	1.836864
-3.356693	1.291275	0.000000	0.003373	-0.003756	0.135464	0.990769	1.851127
-3.375111	1.291074	0.000000	0.003140	-0.004224	0.138811	0.990305	1.857885
-3.392160	1.274003	0.000000	0.005513	-0.003188	0.139694	0.990174	1.859655
-3.407844	1.258297	0.000000	0.006643	-0.001204	0.140621	0.990040	1.861540
-3.422275	1.243848	0.000000	0.005806	0.000161	0.137644	0.990465	1.855544
-3.435550	1.230554	0.000000	0.007198	0.002547	0.141986	0.989839	1.864349
-3.447659	1.235212	0.000000	0.006098	0.001291	0.144591	0.989472	1.869592
-3.458904	1.222609	0.000000	0.004354	-0.000347	0.141348	0.989950	1.863024
-3.469249	1.211015	0.000000	0.001673	-0.001573	0.141490	0.989937	1.863312
-3.478767	1.200348	0.000000	0.001442	-0.004009	0.143962	0.989574	1.868306
-3.487523	1.190535	0.000000	0.002368	-0.002451	0.145772	0.989312	1.871960
-3.495579	1.181506	0.000000	0.001663	-0.002081	0.144679	0.989475	1.869755
-3.503095	1.156313	0.000000	0.002177	-0.001444	0.141974	0.989867	1.864288
-3.510009	1.133135	0.000000	0.004455	0.000619	0.145864	0.989294	1.872159
-3.516370	1.111811	0.000000	0.000154	0.008160	0.147584	0.989016	1.875665
-3.522223	1.092194	0.000000	0.001717	0.007846	0.148017	0.988952	1.876561
-3.527607	1.074145	0.000000	0.000741	0.009733	0.147117	0.989071	1.874744
-3.532560	1.057541	0.000000	0.000382	0.008034	0.142211	0.989804	1.864805
-3.537118	1.042265	0.000000	0.001331	0.007129	0.142375	0.989786	1.865143
-3.541310	1.028211	0.000000	0.001785	0.010155	0.143231	0.989635	1.866912
-3.545167	1.015281	0.000000	0.007439	0.011400	0.145113	0.989321	1.870849
-3.548716	1.003386	0.000000	0.009134	0.011307	0.146115	0.989161	1.872905
-3.552085	0.975555	0.000000	0.008767	0.008838	0.143118	0.989627	1.866777
-3.555185	0.949950	0.000000	0.006718	0.007424	0.141706	0.989858	1.863865
-3.558036	0.926394	0.000000	0.007043	0.009185	0.137863	0.990384	1.856144
-3.560660	0.904722	0.000000	0.007769	0.005729	0.136281	0.990623	1.852887
-3.563074	0.884784	0.000000	0.009937	0.002570	0.139839	0.990121	1.860019
-3.565398	0.849554	0.000000	0.013084	0.001927	0.140930	0.989931	1.862212
-3.567537	0.817142	0.000000	0.011308	0.000196	0.139780	0.990118	1.859849
-3.569505	0.787324	0.000000	0.010531	-0.001760	0.138095	0.990361	1.856409
-3.571316	0.759890	0.000000	0.012415	-0.001036	0.139969	0.990077	1.860199
-3.572981	0.734652	0.000000	0.015253	-0.000683	0.139769	0.990066	1.859787
-3.606467	0.711630	0.000000	0.019511	0.001459	0.138329	0.990193	1.856936
-3.637274	0.690449	0.000000	0.017488	-0.002310	0.136424	0.990493	1.852969
-3.665616	0.670963	0.000000	0.010355	-0.001443	0.133700	0.990967	1.847544
-3.691691	0.653036	0.000000	0.010541	-0.000872	0.136568	0.990574	1.853342
-3.715680	0.636544	0.000000	0.012326	-0.001248	0.137762	0.990388	1.855736
-3.737854	0.604483	0.000000	0.011121	-0.003000	0.133926	0.990924	1.847965
-3.758254	0.574987	0.000000	0.012696	-0.000600	0.136975	0.990493	1.854160
-3.777022	0.547851	0.000000	0.015295	0.000741	0.142836	0.989628	1.866026
-3.794289	0.522886	0.000000	0.015374	0.000037	0.139556	0.990095	1.859378
-3.810174	0.499918	0.000000	0.011487	-0.002719	0.135571	0.990697	1.851288
-3.824893	0.461900	0.000000	0.007577	-0.005542	0.138417	0.990329	1.857033
-3.838435	0.426923	0.000000	0.009051	-0.008825	0.142615	0.989698	1.865457
-3.850893	0.394745	0.000000	0.010977	-0.011405	0.142779	0.989628	1.865719
-3.862354	0.365141	0.000000	0.011335	-0.013133	0.140969	0.989862	1.862033
-3.872899	0.337905	0.000000	0.010320	-0.013853	0.142529	0.989640	1.865209
-3.882600	0.312848	0.000000	0.009682	-0.013688	0.143009	0.989579	1.866199
-3.891525	0.289796	0.000000	0.010744	-0.013337	0.143137	0.989555	1.866428
-3.899736	0.268588	0.000000	0.011248	-0.012132	0.143121	0.989567	1.866394
-3.907290	0.249076	0.000000	0.011107	-0.010723	0.143499	0.989530	1.867180
-3.914344	0.214238	0.000000	0.011394	-0.009618	0.144401	0.989407	1.869011
-3.920834	0.182188	0.000000	0.012081	-0.008737	0.145405	0.989260	1.871038
-3.926804	0.152701	0.000000	0.013158	-0.008375	0.147068	0.989003	1.874386
-3.932297	0.125573	0.000000	0.014398	-0.007375	0.148595	0.988766	1.877469
-3.937351	0.100615	0.000000	0.014584	-0.005296	0.148235	0.988830	1.876784
-3.942000	0.077654	0.000000	0.013851	-0.003376	0.146849	0.989056	1.874036
-3.946277	0.056530	0.000000	0.012287	-0.001310	0.145462	0.989287	1.871291
-3.982166	0.037294	0.000000	0.010311	0.001182	0.146489	0.989158	1.873429
-4.015288	0.002709	0.000000	0.008768	0.002198	0.149117	0.988778	1.878761
-4.045760	-0.029110	0.000000	0.007826	0.002256	0.154614	0.987941	1.889884
-4.073794	-0.058382	0.000000	0.007643	0.001758	0.161983	0.986762	1.904800
-4.099585	-0.085313	0.000000	0.007786	0.001979	0.170801	0.985273	1.922689
-4.123314	-0.110090	0.000000	0.007837	0.002008	0.186509	0.982420	1.954620
-4.145144	-0.132884	0.000000	0.009136	0.000322	0.203157	0.979104	1.988534
-4.165227	-0.153855	0.000000	0.010335	-0.001993	0.219091	0.975647	2.021093
-4.183704	-0.173148	0.000000	0.010795	-0.003608	0.235068	0.971912	2.053874
-4.200703	-0.190898	0.000000	0.010668	-0.003870	0.248405	0.968590	2.081363
-4.216341	-0.207227	0.000000	0.010944	-0.004636	0.266532	0.963753	2.118871
-4.230729	-0.222251	0.000000	0.010381	-0.006652	0.291153	0.956597	2.170143
-4.244070	-0.252959	0.000000	0.009812	-0.008288	0.313835	0.949391	2.217749
-4.256344	-0.281211	0.000000	0.009055	-0.008462	0.328871	0.944294	2.249525
-4.267532	-0.290316	0.000000	0.006909	-0.007582	0.338329	0.940972	2.269628
-4.277824	-0.298692	0.000000	0.005419	-0.007790	0.360983	0.932524	2.318021
-4.287293	-0.306398	0.000000	0.005185	-0.008075	0.381279	0.924410	2.361748
-4.296005	-0.313488	0.000000	0.006457	-0.008020	0.399895	0.916503	2.402180
-4.304124	-0.336898	0.000000	0.007618	-0.007774	0.417354	0.908679	2.440425
-4.311593	-0.358435	0.000000	0.008724	-0.006906	0.433563	0.901055	2.476231
-4.318465	-0.378249	0.000000	0.008852	-0.005060	0.451559	0.892183	2.516364
-4.324787	-0.396478	0.000000	0.008884	-0.002287	0.466262	0.884599	2.549465
-4.330604	-0.413248	0.000000	0.008091	-0.001269	0.478938	0.877811	2.578243
-4.335955	-0.428677	0.000000	0.007816	0.000516	0.486603	0.873588	2.595765
-4.340878	-0.442872	0.000000	0.008876	0.004398	0.487893	0.872847	2.598777
-4.345407	-0.455931	0.000000	0.009435	0.006468	0.488976	0.872222	2.601312
-4.349574	-0.467945	0.000000	0.009465	0.007037	0.488540	0.872461	2.600329
-4.353408	-0.478998	0.000000	0.008644	0.004698	0.485760	0.874037	2.593900
-4.356934	-0.489167	0.000000	0.009492	0.006067	0.481120	0.876582	2.583333
-4.360179	-0.498523	0.000000	0.008686	0.004471	0.479166	0.877670	2.578838
-4.363164	-0.507130	0.000000	0.008442	0.004178	0.482365	0.875920	2.586129
-4.365910	-0.515048	0.000000	0.008679	0.004187	0.484479	0.874750	2.590959
-4.368437	-0.522333	0.000000	0.008463	0.003134	0.483778	0.875144	2.589337
-4.370762	-0.529035	0.000000	0.007556	0.003005	0.483547	0.875281	2.588808
-4.372900	-0.535201	0.000000	0.006104	0.001418	0.484515	0.874760	2.591002
-4.374867	-0.540874	0.000000	0.004831	0.001033	0.493834	0.869542	2.612369
-4.376677	-0.546093	0.000000	0.003595	0.002886	0.500978	0.865448	2.628859
-4.378343	-0.550894	0.000000	0.007622	0.003073	0.502237	0.864691	2.631771
-4.379875	-0.555312	0.000000	0.012131	0.003379	0.504257	0.863462	2.636441
-4.349435	-0.576460	0.000000	0.011764	0.002635	0.494839	0.868901	2.614685
-4.321431	-0.595917	0.000000	0.008926	0.002866	0.496104	0.868212	2.617610
-4.295667	-0.613817	0.000000	0.005980	0.002510	0.499292	0.866410	2.624959
-4.271964	-0.630286	0.000000	0.002865	0.001344	0.498949	0.866626	2.624158
-4.250158	-0.645436	0.000000	0.001434	0.001913	0.501591	0.865101	2.630265
-4.230200	-0.676262	0.000000	0.001035	0.004200	0.497773	0.867296	2.621472
-4.211839	-0.704622	0.000000	0.001853	0.005385	0.499755	0.866148	2.626066
-4.194947	-0.730714	0.000000	0.002645	0.004189	0.500835	0.865528	2.628545
-4.179406	-0.754717	0.000000	0.002186	0.006057	0.501505	0.865131	2.630124
-4.165108	-0.776801	0.000000	0.002955	0.004747	0.501818	0.864955	2.630827
-4.152059	-0.814005	0.000000	0.003028	0.004912	0.499333	0.866391	2.625089
-4.140054	-0.848233	0.000000	0.003411	0.006314	0.500241	0.865856	2.627215
-4.129009	-0.879722	0.000000	0.001888	0.009105	0.501761	0.864956	2.630787
-4.118847	-0.908693	0.000000	0.000848	0.007928	0.502847	0.864338	2.633260
-4.109499	-0.935346	0.000000	-0.000275	0.007619	0.503089	0.864201	2.633805
-4.101003	-0.976754	0.000000	-0.002027	0.008553	0.500659	0.865600	2.628189
-4.093186	-1.014849	0.000000	0.001226	0.005936	0.501372	0.865211	2.629809
-4.085995	-1.049896	0.000000	0.001639	0.006097	0.502183	0.864738	2.631688
-4.079379	-1.082140	0.000000	0.001195	0.006809	0.504957	0.863117	2.638124
-4.073293	-1.111805	0.000000	0.004032	0.005034	0.506424	0.862261	2.641499
-4.067797	-1.155983	0.000000	0.003248	0.006684	0.503742	0.863822	2.635316
-4.062742	-1.196627	0.000000	0.004218	0.007592	0.505255	0.862926	2.638849
-4.058091	-1.234020	0.000000	0.002698	0.009102	0.506098	0.862424	2.640836
-4.053812	-1.268421	0.000000	0.002420	0.009975	0.508209	0.861172	2.645759
-4.049875	-1.300070	0.000000	0.005604	0.008717	0.510780	0.859649	2.651716
-4.046253	-1.329187	0.000000	0.005141	0.010411	0.510315	0.859909	2.650688
-4.042921	-1.355975	0.000000	0.003383	0.009738	0.513254	0.858175	2.657495
-4.039960	-1.397507	0.000000	0.002887	0.006325	0.516972	0.855974	2.666078
-4.037236	-1.435717	0.000000	0.001658	0.006513	0.517936	0.855393	2.668328
-4.034729	-1.470870	0.000000	0.002040	0.004513	0.518251	0.855214	2.669030
-4.000470	-1.503408	0.000000	0.002261	0.003832	0.519642	0.854373	2.672276
-3.968952	-1.533343	0.000000	0.002636	0.004914	0.519998	0.854150	2.673125
-3.939955	-1.560883	0.000000	0.003398	0.006257	0.520131	0.854057	2.673466
-3.913278	-1.586220	0.000000	0.003407	0.007418	0.522909	0.852349	2.680007
-3.888735	-1.609530	0.000000	0.003033	0.007703	0.523450	0.852016	2.681281
-3.866155	-1.630975	0.000000	0.003327	0.007612	0.525301	0.850876	2.685629
-3.845382	-1.650705	0.000000	0.004360	0.007221	0.527306	0.849634	2.690338
-3.826375	-1.685743	0.000000	0.004867	0.007017	0.528730	0.848747	2.693690
-3.808889	-1.717979	0.000000	0.004449	0.007555	0.531892	0.846766	2.701161
-3.792802	-1.747636	0.000000	0.004057	0.008312	0.535749	0.844326	2.710304
-3.777897	-1.758032	0.000000	0.004194	0.009310	0.539148	0.842149	2.718397
-3.764289	-1.784485	0.000000	0.005012	0.010484	0.546466	0.837401	2.735868
-3.751769	-1.808821	0.000000	0.004967	0.011024	0.553641	0.832668	2.753073
-3.740251	-1.831210	0.000000	0.005235	0.010426	0.564628	0.825263	2.779556
-3.729655	-1.851808	0.000000	0.005587	0.008502	0.577815	0.816104	2.811625
-3.719906	-1.870759	0.000000	0.005413	0.005924	0.591655	0.806151	2.845676
-3.710937	-1.888193	0.000000	0.004880	0.002747	0.611011	0.791603	2.894072
-3.702686	-1.904232	0.000000	0.004881	0.000169	0.627518	0.778587	2.936103
-3.695095	-1.918989	0.000000	0.005061	0.000365	0.639194	0.769029	2.966279
-3.688111	-1.932565	0.000000	0.006356	-0.000256	0.654450	0.756079	3.006287
-3.681686	-1.945054	0.000000	0.007541	0.000218	0.668561	0.743619	3.043922
-3.675775	-1.956545	0.000000	0.008888	0.000360	0.683912	0.729510	3.085603
-3.670336	-1.967116	0.000000	0.008927	0.001314	0.699117	0.714950	3.127710
-3.665333	-1.976842	0.000000	0.007743	0.003280	0.714294	0.699796	3.170634
-3.660730	-1.985790	0.000000	0.006709	0.004993	0.727111	0.686469	3.207641
-3.656495	-1.994021	0.000000	0.007164	0.006215	0.736948	0.675883	3.236549
-3.652599	-2.001595	0.000000	0.007789	0.006035	0.746290	0.665547	3.264400
-3.649015	-2.008562	0.000000	0.008387	0.004953	0.753410	0.657479	3.285900
-3.645822	-2.031859	0.000000	0.009981	0.002891	0.761981	0.647515	3.312146
-3.642884	-2.053293	0.000000	0.011884	0.002067	0.774243	0.632774	3.350453
-3.640182	-2.073012	0.000000	0.011189	0.002510	0.784844	0.619587	3.384311
-3.637695	-2.091153	0.000000	0.009060	0.001880	0.792699	0.609542	3.409859
-3.635408	-2.107843	0.000000	0.006545	0.002986	0.799365	0.600803	3.431883
-3.633303	-2.123198	0.000000	0.005413	0.005520	0.801950	0.597341	3.440552
-3.631367	-2.137324	0.000000	0.004421	0.007106	0.804551	0.593825	3.449326
-3.629586	-2.150320	0.000000	0.003763	0.010860	0.805175	0.592926	3.451579
-3.627947	-2.162277	0.000000	0.003084	0.011909	0.805974	0.591823	3.454331
-3.626439	-2.173277	0.000000	0.002824	0.009047	0.808330	0.588653	3.462181
-3.625052	-2.183397	0.000000	0.003152	0.003893	0.811595	0.584198	3.473171
-3.623776	-2.192708	0.000000	0.003651	0.000531	0.815782	0.578347	3.487550
-3.622602	-2.201273	0.000000	0.005247	-0.002180	0.822463	0.568790	3.510873
-3.621522	-2.209154	0.000000	0.001939	0.001312	0.830786	0.556587	3.540425
-3.620528	-2.216404	0.000000	-0.000114	0.003790	0.836578	0.547835	3.561432
-3.619614	-2.223074	0.000000	0.001347	0.005662	0.839424	0.543446	3.571901
-3.618773	-2.229210	0.000000	0.001079	0.008660	0.839701	0.542979	3.573024
-3.617999	-2.234855	0.000000	0.001301	0.010757	0.838679	0.544518	3.569364
-3.617287	-2.240049	0.000000	0.002401	0.009495	0.841500	0.540167	3.579700
-3.616633	-2.244827	0.000000	0.001238	0.008572	0.841572	0.540076	3.579929
-3.616030	-2.249223	0.000000	-0.001756	0.010226	0.842441	0.538688	3.583256
-3.615476	-2.253268	0.000000	-0.000554	0.008085	0.842783	0.538192	3.584415
-3.614966	-2.256989	0.000000	0.003808	0.008819	0.841081	0.540824	3.578114
-3.614497	-2.260412	0.000000	0.008682	0.011162	0.841352	0.540302	3.579219
-3.614065	-2.263561	0.000000	0.007442	0.009343	0.840575	0.541563	3.576265
-3.613668	-2.266458	0.000000	0.002756	0.009534	0.841894	0.539551	3.581158
-3.613302	-2.269124	0.000000	0.000348	0.010872	0.844627	0.535245	3.591409
-3.612966	-2.271576	0.000000	0.003345	0.009315	0.841683	0.539880	3.580365
-3.612657	-2.273832	0.000000	0.003595	0.006240	0.840477	0.541799	3.575796
-3.612373	-2.275908	0.000000	0.000654	0.005553	0.842288	0.538998	3.582487
-3.612111	-2.277818	0.000000	-0.003577	0.006226	0.844278	0.535858	3.589939
-3.611870	-2.279574	0.000000	-0.003145	0.004948	0.844390	0.535696	3.590316
-3.611649	-2.281191	0.000000	-0.003067	0.002435	0.841534	0.540189	3.579645
-3.611445	-2.282678	0.000000	-0.004588	0.002188	0.842262	0.539044	3.582350
-3.611257	-2.284046	0.000000	-0.006785	0.004655	0.843592	0.536922	3.587370
-3.611085	-2.285304	0.000000	-0.005689	0.005430	0.843711	0.536739	3.587824
-3.610926	-2.286462	0.000000	-0.003120	0.004912	0.843667	0.536835	3.587618
-3.578827	-2.287725	0.000000	-0.009624	0.004203	0.840626	0.541515	3.576394
-3.549295	-2.288887	0.000000	-0.011853	0.000688	0.840933	0.541009	3.577491
-3.522127	-2.289956	0.000000	-0.008656	-0.001161	0.841934	0.539510	3.581141
-3.497131	-2.290939	0.000000	-0.014621	0.005578	0.843674	0.536627	3.587855
-3.474136	-2.291844	0.000000	-0.010653	0.007496	0.844305	0.535705	3.590200
-3.452980	-2.292676	0.000000	-0.007184	0.007134	0.839878	0.542680	3.573703
-3.433516	-2.293442	0.000000	-0.009118	0.007286	0.839943	0.542550	3.573976
-3.415609	-2.294146	0.000000	-0.008583	0.006056	0.841358	0.540376	3.579148
-3.399135	-2.294794	0.000000	-0.007542	0.004307	0.840184	0.542231	3.574738
-3.383979	-2.295390	0.000000	-0.005779	0.000817	0.840699	0.541471	3.576557
-3.370036	-2.295939	0.000000	-0.007092	0.000559	0.838440	0.544947	3.568249
-3.357208	-2.296444	0.000000	-0.007268	0.004726	0.837763	0.545965	3.565846
-3.345406	-2.296908	0.000000	-0.004657	0.007351	0.837587	0.546234	3.565260
-3.334548	-2.297335	0.000000	-0.002307	0.008964	0.838103	0.545433	3.567194
-3.324559	-2.297728	0.000000	-0.001855	0.009522	0.837914	0.545716	3.566521
-3.283416	-2.298287	0.000000	-0.000467	0.009349	0.836030	0.548604	3.559616
-3.245564	-2.298802	0.000000	0.001261	0.009082	0.835546	0.549344	3.557828
-3.210741	-2.299275	0.000000	-0.000505	0.009270	0.835563	0.549315	3.557912
-3.178703	-2.299710	0.000000	-0.007184	0.013981	0.834936	0.550122	3.556003
-3.149228	-2.300111	0.000000	-0.008091	0.010264	0.833549	0.552291	3.550744
-3.122111	-2.300479	0.000000	-0.015736	0.010716	0.830636	0.556490	3.540427
-3.097164	-2.300818	0.000000	-0.013125	0.010069	0.831529	0.555234	3.543540
-3.074212	-2.301130	0.000000	-0.007228	0.009105	0.833697	0.552099	3.551207
-3.053097	-2.301417	0.000000	-0.002533	0.009416	0.834883	0.550340	3.555464
-3.033671	-2.301681	0.000000	-0.005575	0.013642	0.833416	0.552450	3.550432
-3.015798	-2.301924	0.000000	-0.004544	0.013153	0.831705	0.555044	3.544202
-2.999356	-2.302147	0.000000	-0.004438	0.011083	0.832007	0.554636	3.545163
-2.952276	-2.302550	0.000000	-0.005183	0.006587	0.831679	0.555194	3.543779
-2.908962	-2.302921	0.000000	-0.005841	0.003857	0.832095	0.554589	3.545206
-2.869113	-2.303262	0.000000	-0.001268	0.004959	0.832503	0.553996	3.546671
-2.832452	-2.303576	0.000000	0.003970	0.007354	0.832837	0.553455	3.547928
-2.798724	-2.303865	0.000000	0.003839	0.007647	0.832019	0.554681	3.544987
-2.767695	-2.304131	0.000000	0.002966	0.006981	0.831476	0.555509	3.543008
-2.739147	-2.304375	0.000000	0.006639	0.005944	0.832088	0.554572	3.545188
-2.712884	-2.304600	0.000000	0.008927	0.005900	0.832012	0.554655	3.544921
-2.688721	-2.304807	0.000000	0.010025	0.003879	0.831067	0.556069	3.541493
-2.666492	-2.304997	0.000000	0.008939	0.002642	0.831070	0.556090	3.541485
-2.646041	-2.305172	0.000000	0.005750	0.002597	0.830893	0.556397	3.540827
-2.627226	-2.305333	0.000000	0.001960	0.003418	0.830599	0.556856	3.539776
-2.609916	-2.305482	0.000000	0.001741	0.000971	0.831449	0.555598	3.542807
-2.593991	-2.305618	0.000000	0.001824	0.000069	0.832210	0.554458	3.545547
-2.547386	-2.305941	0.000000	0.003329	-0.000238	0.832208	0.554454	3.545546
-2.504510	-2.306238	0.000000	0.005334	0.000456	0.832750	0.553623	3.547512
-2.465065	-2.306512	0.000000	0.007466	0.001161	0.832907	0.553362	3.548091
-2.428879	-2.323650	0.000000	0.009367	0.001834	0.832918	0.553314	3.548149
-2.395483	-2.322531	0.000000	0.009733	0.002228	0.832718	0.553607	3.547432
-2.364760	-2.321501	0.000000	0.009636	0.002329	0.833026	0.553144	3.548545
-2.336598	-2.337440	0.000000	0.010189	0.002505	0.834391	0.551073	3.553495
-2.310690	-2.352105	0.000000	0.010732	0.002754	0.836111	0.548448	3.559758
-2.286854	-2.365596	0.000000	0.011082	0.002887	0.836646	0.547623	3.561717
-2.264925	-2.378008	0.000000	0.009990	0.003282	0.836661	0.547621	3.561760
-2.244750	-2.389427	0.000000	0.006856	0.003446	0.842165	0.539165	3.581995
-2.226190	-2.399933	0.000000	0.005337	0.003741	0.850869	0.525338	3.614694
-2.209114	-2.409598	0.000000	0.004123	0.003871	0.861346	0.507987	3.655247
-2.193404	-2.418490	0.000000	0.001922	0.004218	0.871364	0.490616	3.695375
-2.178951	-2.426670	0.000000	0.000717	0.003375	0.879237	0.476372	3.727928
-2.165654	-2.434197	0.000000	0.000535	0.003216	0.888155	0.459533	3.766037
-2.153421	-2.441121	0.000000	-0.001921	0.003024	0.898108	0.439760	3.810318
-2.142167	-2.447491	0.000000	-0.003097	0.003220	0.908521	0.417815	3.858902
-2.131813	-2.453351	0.000000	-0.003212	0.002573	0.916949	0.398983	3.900162
-2.122287	-2.458743	0.000000	-0.003217	0.002208	0.922825	0.385200	3.930128
-2.113524	-2.463703	0.000000	-0.002123	0.000900	0.930136	0.367208	3.968963
-2.105461	-2.468267	0.000000	-0.001393	-0.001861	0.936863	0.349689	4.006493
-2.098043	-2.472465	0.000000	-0.002694	-0.002575	0.944751	0.327767	4.053082
-2.091219	-2.476327	0.000000	-0.000937	-0.003300	0.953519	0.301313	4.108834
-2.084941	-2.479881	0.000000	0.003352	-0.004404	0.961288	0.275491	4.162796
-2.079165	-2.483150	0.000000	0.004256	-0.003985	0.968284	0.249784	4.216082
-2.073851	-2.486158	0.000000	0.001439	-0.003138	0.974249	0.225446	4.266183
-2.068962	-2.488925	0.000000	0.003814	-0.002495	0.978640	0.205532	4.306970
-2.064465	-2.491471	0.000000	0.002343	-0.000543	0.982089	0.188404	4.341902
-2.060327	-2.493813	0.000000	-0.001440	0.002487	0.984816	0.173575	4.372065
-2.056520	-2.495968	0.000000	-0.004458	0.003365	0.987983	0.154461	4.410834
-2.053018	-2.497950	0.000000	-0.004471	0.002950	0.991164	0.132538	4.455137
-2.049796	-2.499774	0.000000	-0.007083	0.003897	0.993518	0.113384	4.493757
-2.046831	-2.501451	0.000000	-0.011680	0.005516	0.994695	0.102057	4.516594
-2.044104	-2.502995	0.000000	-0.010229	0.001863	0.995296	0.096325	4.528035
-2.009642	-2.504613	0.000000	-0.007032	-0.000775	0.996346	0.085111	4.550524
-1.977937	-2.506101	0.000000	-0.004190	-0.002517	0.997004	0.077191	4.566416
-1.948768	-2.507470	0.000000	0.000976	-0.003304	0.997427	0.071600	4.577661
-1.921932	-2.508730	0.000000	0.003677	-0.003528	0.997839	0.065501	4.589903
-1.897139	-2.493001	0.000000	0.001047	-0.005133	0.998105	0.061301	4.598309
-1.874330	-2.478531	0.000000	-0.001862	-0.002639	0.998487	0.054897	4.611118
-1.853345	-2.465219	0.000000	-0.002479	0.001300	0.998597	0.052872	4.615189
-1.834039	-2.452971	0.000000	-0.003933	0.001394	0.998766	0.049481	4.621982
-1.816278	-2.441704	0.000000	-0.000940	0.003111	0.998918	0.046387	4.628175
-1.799937	-2.431337	0.000000	0.004524	0.004687	0.998880	0.046857	4.627183
-1.784904	-2.421800	0.000000	0.011876	0.004583	0.998902	0.045088	4.630642
-1.771073	-2.413026	0.000000	0.016403	0.005085	0.998845	0.044871	4.631002
-1.758349	-2.404954	0.000000	0.014260	0.007299	0.998986	0.042081	4.636558
-1.746643	-2.397528	0.000000	0.014988	0.007933	0.999052	0.040090	4.640512
-1.735873	-2.390696	0.000000	0.014901	0.006215	0.998943	0.043028	4.634681
-1.725965	-2.384410	0.000000	0.013781	0.005624	0.998940	0.043562	4.633646
-1.716849	-2.378627	0.000000	0.008140	0.008942	0.999084	0.041042	4.638719
-1.708463	-2.373307	0.000000	0.009252	0.007664	0.999052	0.041854	4.637093
-1.700747	-2.368412	0.000000	0.011814	0.008864	0.999090	0.040014	4.640704
-1.693545	-2.347022	0.000000	0.016735	0.009510	0.999035	0.039474	4.641660
-1.686919	-2.327343	0.000000	0.019316	0.007851	0.999027	0.038875	4.642862
-1.680822	-2.309238	0.000000	0.016062	0.005626	0.999179	0.036755	4.647241
-1.675214	-2.292582	0.000000	0.015739	0.003833	0.999242	0.035407	4.650000
-1.670054	-2.277258	0.000000	0.010199	0.006023	0.999285	0.035891	4.649045
-1.665307	-2.263160	0.000000	0.009863	0.008908	0.999210	0.037464	4.645848
-1.660940	-2.250190	0.000000	0.010781	0.008715	0.999142	0.039020	4.642718
-1.656922	-2.238258	0.000000	0.006960	0.007617	0.999132	0.040368	4.640109
-1.653225	-2.227280	0.000000	0.006464	0.008464	0.999078	0.041576	4.637688
-1.649824	-2.217180	0.000000	0.009463	0.008915	0.999009	0.042560	4.635654
-1.646591	-2.191001	0.000000	0.009089	0.008606	0.998808	0.047185	4.626406
-1.643617	-2.166916	0.000000	0.004071	0.008430	0.998718	0.049752	4.621364
-1.640880	-2.144758	0.000000	0.000232	0.010132	0.998693	0.050097	4.620741
-1.638363	-2.124373	0.000000	-0.002124	0.011943	0.998717	0.049175	4.622643
-1.636046	-2.105619	0.000000	-0.002277	0.011301	0.998656	0.050521	4.619948
-1.633916	-2.088365	0.000000	-0.001704	0.011652	0.998548	0.052567	4.615839
-1.631955	-2.072491	0.000000	-0.002118	0.011930	0.998533	0.052772	4.615439
-1.630152	-2.057887	0.000000	-0.002873	0.011983	0.998578	0.051861	4.617282
-1.628492	-2.044451	0.000000	-0.004300	0.012345	0.998530	0.052602	4.615834
-1.626966	-2.032091	0.000000	-0.003309	0.013014	0.998439	0.054215	4.612586
-1.625457	-2.003832	0.000000	-0.003200	0.015384	0.998332	0.055560	4.609909
-1.624069	-1.977833	0.000000	-0.002101	0.012580	0.998186	0.058841	4.603286
-1.622792	-1.953915	0.000000	-0.003553	0.009466	0.997991	0.062537	4.595890
-1.621617	-1.931910	0.000000	-0.002240	0.009167	0.998099	0.060897	4.599151
-1.620536	-1.911665	0.000000	0.000845	0.011177	0.998204	0.058851	4.603194
-1.619541	-1.893040	0.000000	0.003202	0.011482	0.997969	0.062579	4.595669
-1.618627	-1.875905	0.000000	-0.000509	0.007968	0.997892	0.064408	4.592083
-1.617785	-1.860141	0.000000	-0.003892	0.007834	0.998195	0.059422	4.602124
-1.617010	-1.845637	0.000000	-0.006874	0.006519	0.998189	0.059410	4.602170
-1.616298	-1.832295	0.000000	-0.004423	0.005493	0.997881	0.064683	4.591566
-1.583585	-1.803329	0.000000	-0.001867	0.004213	0.997868	0.065105	4.590689
-1.553489	-1.776681	0.000000	-0.001757	0.004083	0.997961	0.063673	4.593558
-1.525800	-1.752165	0.000000	-0.004966	0.003748	0.997926	0.064070	4.592781
-1.500327	-1.729610	0.000000	-0.004401	0.005557	0.997865	0.064920	4.591090
-1.476892	-1.708860	0.000000	-0.002983	0.006700	0.997841	0.065262	4.590401
-1.455331	-1.689770	0.000000	-0.004109	0.005551	0.997808	0.065817	4.589291
-1.435495	-1.672206	0.000000	-0.004680	0.004565	0.997783	0.066224	4.588470
-1.417246	-1.656048	0.000000	-0.004631	0.005364	0.997835	0.065380	4.590170
-1.400457	-1.641183	0.000000	-0.004631	0.006189	0.997800	0.065839	4.589258
-1.385012	-1.627506	0.000000	-0.004762	0.005600	0.997739	0.066798	4.587331
-1.370697	-1.598037	0.000000	-0.005332	0.004975	0.997769	0.066365	4.588197
-1.357528	-1.570925	0.000000	-0.005914	0.005664	0.997823	0.065439	4.590066
-1.345412	-1.545982	0.000000	-0.006646	0.007119	0.997872	0.064478	4.592020
-1.334265	-1.523035	0.000000	-0.007626	0.008642	0.997871	0.064192	4.592628
-1.324010	-1.501923	0.000000	-0.008542	0.010047	0.997821	0.064643	4.591762
-1.314576	-1.482500	0.000000	-0.009391	0.011261	0.997773	0.065078	4.590929
-1.305896	-1.464631	0.000000	-0.009695	0.011974	0.997782	0.064768	4.591571
-1.297911	-1.448192	0.000000	-0.009685	0.012162	0.997815	0.064224	4.592665
-1.290564	-1.433068	0.000000	-0.009320	0.011566	0.997822	0.064261	4.592571
-1.283805	-1.419153	0.000000	-0.010069	0.012002	0.997999	0.061255	4.598619
-1.277587	-1.406352	0.000000	-0.010444	0.012329	0.998415	0.053919	4.613333
-1.271866	-1.394575	0.000000	-0.009574	0.012082	0.998729	0.047993	4.625178
-1.234546	-1.367050	0.000000	-0.008599	0.011652	0.998921	0.044134	4.632876
-1.200211	-1.341728	0.000000	-0.008642	0.011825	0.999191	0.037442	4.646275
-1.168623	-1.318431	0.000000	-0.008593	0.012183	0.999478	0.028671	4.663833
-1.139561	-1.296998	0.000000	-0.008750	0.012274	0.999708	0.018891	4.683406
-1.112825	-1.277279	0.000000	-0.008161	0.012614	0.999880	0.003742	4.713698
-1.088228	-1.259138	0.000000	-0.007358	0.013376	0.999803	-0.012720	-1.536572
-1.065598	-1.242449	0.000000	-0.005866	0.012971	0.999491	-0.028541	-1.504969
-1.044779	-1.227094	0.000000	-0.005163	0.012856	0.998874	-0.045379	-1.471291
-1.025625	-1.212968	0.000000	-0.005489	0.012336	0.998259	-0.057421	-1.447172
-1.008004	-1.199972	0.000000	-0.006519	0.013394	0.997898	-0.063077	-1.435802
-0.991792	-1.188015	0.000000	-0.005140	0.012260	0.997755	-0.065633	-1.430728
-0.976877	-1.177016	0.000000	-0.005832	0.012691	0.997482	-0.069536	-1.422882
-0.963156	-1.166896	0.000000	-0.006827	0.013513	0.997435	-0.069962	-1.421991
-0.950532	-1.157585	0.000000	-0.005621	0.012652	0.997595	-0.067923	-1.426122
-0.938918	-1.149020	0.000000	-0.005228	0.012404	0.997584	-0.068160	-1.425659
-0.928233	-1.141140	0.000000	-0.005327	0.012289	0.997605	-0.067855	-1.426269
-0.918403	-1.133890	0.000000	-0.005248	0.012152	0.997710	-0.066323	-1.429343
-0.909360	-1.127220	0.000000	-0.005169	0.012109	0.997862	-0.064018	-1.433966
-0.901039	-1.121084	0.000000	-0.004610	0.011915	0.998043	-0.061211	-1.439607
-0.893385	-1.115438	0.000000	-0.003366	0.011289	0.998043	-0.061409	-1.439244
-0.886343	-1.110245	0.000000	-0.002587	0.011243	0.998039	-0.061523	-1.439033
-0.879864	-1.105466	0.000000	-0.003341	0.012097	0.998005	-0.061875	-1.438307
-0.873903	-1.101070	0.000000	-0.001986	0.010268	0.997781	-0.065761	-1.430558
-0.868420	-1.097026	0.000000	-0.005959	0.011821	0.997483	-0.069663	-1.422633
-0.863375	-1.093305	0.000000	-0.006836	0.012168	0.997221	-0.073186	-1.415543
-0.858733	-1.089882	0.000000	-0.009407	0.014631	0.997005	-0.075356	-1.411079
-0.854463	-1.086733	0.000000	-0.012353	0.017229	0.996778	-0.077356	-1.406909
-0.850535	-1.083836	0.000000	-0.015005	0.019110	0.996419	-0.080990	-1.399460
-0.846816	-1.064283	0.000000	-0.016898	0.020319	0.996016	-0.085172	-1.390944
-0.843395	-1.046294	0.000000	-0.016036	0.019408	0.995840	-0.087569	-1.386199
-0.840248	-1.029745	0.000000	-0.015583	0.019799	0.995924	-0.086603	-1.388148
-0.837352	-1.014519	0.000000	-0.014205	0.020151	0.996124	-0.084434	-1.392558
-0.834688	-1.000512	0.000000	-0.014134	0.021672	0.996298	-0.081986	-1.397437
-0.832237	-0.987625	0.000000	-0.012802	0.022263	0.996245	-0.082685	-1.396087
-0.829983	-0.975769	0.000000	-0.013523	0.023086	0.996098	-0.084100	-1.393193
-0.827908	-0.964862	0.000000	-0.014949	0.023495	0.995910	-0.085946	-1.389403
-0.826000	-0.954827	0.000000	-0.016464	0.023766	0.995629	-0.088810	-1.383563
-0.824244	-0.945595	0.000000	-0.015940	0.023062	0.995449	-0.091079	-1.379055
-0.822629	-0.937101	0.000000	-0.014848	0.022141	0.995282	-0.093290	-1.374695
-0.821143	-0.929287	0.000000	-0.014474	0.022242	0.995159	-0.094625	-1.372030
-0.819775	-0.922098	0.000000	-0.014245	0.022564	0.995034	-0.095899	-1.369475
-0.818518	-0.915484	0.000000	-0.013649	0.022506	0.994850	-0.097877	-1.365533
-0.817256	-0.892512	0.000000	-0.013245	0.022290	0.994714	-0.099353	-1.362593
-0.816095	-0.871378	0.000000	-0.013239	0.022388	0.994660	-0.099878	-1.361536
-0.815028	-0.851935	0.000000	-0.012967	0.022408	0.994556	-0.100933	-1.359428
-0.814045	-0.834047	0.000000	-0.013031	0.022381	0.994388	-0.102581	-1.356112
-0.813141	-0.817590	0.000000	-0.012437	0.022120	0.994202	-0.104487	-1.352316
-0.812310	-0.802449	0.000000	-0.012833	0.022528	0.993943	-0.106791	-1.347656
-0.811649	-0.805407	0.000000	-0.012581	0.022588	0.993794	-0.108186	-1.344861
-0.810937	-0.791242	0.000000	-0.012780	0.023306	0.993280	-0.112643	-1.335869
-0.810282	-0.778209	0.000000	-0.011977	0.023022	0.992856	-0.116459	-1.328235
-0.809679	-0.766219	0.000000	-0.013645	0.024811	0.992601	-0.118074	-1.324856
-0.809125	-0.755188	0.000000	-0.014608	0.026336	0.992541	-0.118134	-1.324645
-0.808719	-0.761927	0.000000	-0.015933	0.027685	0.992700	-0.116307	-1.328209
-0.808241	-0.751240	0.000000	-0.017393	0.028768	0.992522	-0.117344	-1.325995
-0.807802	-0.741407	0.000000	-0.016640	0.027662	0.992283	-0.119716	-1.321299
-0.807397	-0.732362	0.000000	-0.017092	0.027150	0.992060	-0.121605	-1.317476
-0.807025	-0.724039	0.000000	-0.018090	0.026659	0.991979	-0.122232	-1.316161
-0.806788	-0.733270	0.000000	-0.019280	0.026036	0.992573	-0.117259	-1.326122
-0.806569	-0.741763	0.000000	-0.018462	0.024155	0.992712	-0.116609	-1.327538
-0.806368	-0.749576	0.000000	-0.017957	0.022645	0.992834	-0.115955	-1.328932
-0.806182	-0.756764	0.000000	-0.017572	0.021831	0.992727	-0.117082	-1.326707
-0.805908	-0.746489	0.000000	-0.017381	0.021697	0.992336	-0.120401	-1.320035
-0.805759	-0.753924	0.000000	-0.019213	0.023649	0.992012	-0.122407	-1.315829
-0.805623	-0.760764	0.000000	-0.019627	0.024658	0.991481	-0.126380	-1.307764
-0.805497	-0.767057	0.000000	-0.019561	0.024449	0.991076	-0.129567	-1.301347
-0.805381	-0.772847	0.000000	-0.018606	0.023134	0.990976	-0.130708	-1.299145
-0.805275	-0.778173	0.000000	-0.018250	0.022468	0.990867	-0.131696	-1.297192
-0.805177	-0.783073	0.000000	-0.017459	0.021700	0.991063	-0.130457	-1.299759
-0.805087	-0.787582	0.000000	-0.017281	0.021642	0.991277	-0.128851	-1.303009
-0.805005	-0.791729	0.000000	-0.017062	0.021438	0.991377	-0.128149	-1.304444
-0.804928	-0.795545	0.000000	-0.016884	0.021221	0.991404	-0.127999	-1.304761
-0.804858	-0.799055	0.000000	-0.017089	0.021369	0.991384	-0.128095	-1.304552
-0.804794	-0.802285	0.000000	-0.017546	0.021884	0.991461	-0.127354	-1.306007
-0.804735	-0.805256	0.000000	-0.017440	0.021937	0.991556	-0.126617	-1.307497
-0.804680	-0.807990	0.000000	-0.016912	0.021497	0.991604	-0.126388	-1.308000
-0.804630	-0.810505	0.000000	-0.016114	0.020817	0.991686	-0.125960	-1.308924
-0.804584	-0.812818	0.000000	-0.014835	0.020028	0.991613	-0.126821	-1.307274
-0.804541	-0.814947	0.000000	-0.014250	0.019995	0.991369	-0.128779	-1.303356
-0.804502	-0.816905	0.000000	-0.013699	0.020051	0.991228	-0.129912	-1.301096
-0.804466	-0.818707	0.000000	-0.013262	0.021010	0.991163	-0.130300	-1.300315
-0.804433	-0.820364	0.000000	-0.013333	0.022405	0.991612	-0.126591	-1.307763
-0.804403	-0.821889	0.000000	-0.013161	0.023391	0.992087	-0.122648	-1.315699
-0.804375	-0.823292	0.000000	-0.013204	0.024124	0.991961	-0.123522	-1.313920
-0.804349	-0.824583	0.000000	-0.011555	0.022604	0.991747	-0.125672	-1.309705
-0.804325	-0.825770	0.000000	-0.009920	0.021015	0.992112	-0.123178	-1.314838
-0.804303	-0.826863	0.000000	-0.009777	0.020484	0.992225	-0.122369	-1.316483
-0.804283	-0.827868	0.000000	-0.008363	0.019622	0.992057	-0.123965	-1.313342
-0.804160	-0.811905	0.000000	-0.009078	0.021619	0.992059	-0.123566	-1.314090
-0.804047	-0.797219	0.000000	-0.007061	0.022937	0.991618	-0.126952	-1.307352
-0.803943	-0.783709	0.000000	-0.005087	0.024437	0.991197	-0.130022	-1.301253
-0.835801	-0.771081	0.000000	-0.004127	0.025217	0.991156	-0.130217	-1.300907
-0.865110	-0.759464	0.000000	-0.004101	0.026236	0.990893	-0.132009	-1.297293
-0.860121	-0.748974	0.000000	-0.005659	0.026463	0.990379	-0.135706	-1.289748
-0.855531	-0.739322	0.000000	-0.006406	0.026831	0.989849	-0.139420	-1.282208
-0.883262	-0.730246	0.000000	-0.006557	0.027512	0.989528	-0.141541	-1.277914
-0.908774	-0.721895	0.000000	-0.006995	0.027965	0.988904	-0.145734	-1.269413
-0.932245	-0.714213	0.000000	-0.007925	0.027835	0.988361	-0.149346	-1.262057
-0.953839	-0.707145	0.000000	-0.009745	0.027590	0.987618	-0.154125	-1.252284
-0.973705	-0.700643	0.000000	-0.011276	0.027554	0.986583	-0.160523	-1.239236
-0.991981	-0.694661	0.000000	-0.012372	0.027770	0.985642	-0.166088	-1.227885
-1.008796	-0.689157	0.000000	-0.012846	0.028131	0.984438	-0.172989	-1.213847
-0.992312	-0.684291	0.000000	-0.012635	0.028629	0.982713	-0.182470	-1.194592
-1.009100	-0.679617	0.000000	-0.012359	0.029060	0.981050	-0.191166	-1.176910
-1.024545	-0.675317	0.000000	-0.011505	0.029313	0.978973	-0.201542	-1.155809
-1.038755	-0.671361	0.000000	-0.009876	0.029297	0.975723	-0.216813	-1.124697
-1.019770	-0.651031	0.000000	-0.008811	0.029788	0.971772	-0.233867	-1.089771
-1.002304	-0.632328	0.000000	-0.008178	0.030088	0.968076	-0.248711	-1.059235
-1.018292	-0.631811	0.000000	-0.007874	0.030910	0.965115	-0.259874	-1.036180
-1.033002	-0.631336	0.000000	-0.007961	0.031302	0.961277	-0.273686	-1.007525
-1.046535	-0.630898	0.000000	-0.008845	0.028821	0.956705	-0.289494	-0.974531
-1.058985	-0.630495	0.000000	-0.009642	0.028413	0.953018	-0.301425	-0.949514
-1.038382	-0.613435	0.000000	-0.008229	0.028909	0.946239	-0.322068	-0.906168
-1.051484	-0.614430	0.000000	-0.008298	0.027538	0.939299	-0.341892	-0.864142
-1.063539	-0.615344	0.000000	-0.008225	0.025680	0.931685	-0.362264	-0.820623
-1.074629	-0.616186	0.000000	-0.007276	0.025001	0.923820	-0.381941	-0.778284
-1.084832	-0.616960	0.000000	-0.007119	0.023771	0.914415	-0.404017	-0.730281
-1.094114	-0.600785	0.000000	-0.007239	0.022380	0.904556	-0.425706	-0.682605
-1.102758	-0.602792	0.000000	-0.006661	0.021777	0.894868	-0.445749	-0.638097
-1.110606	-0.587750	0.000000	-0.006337	0.021346	0.885612	-0.463892	-0.597370
-1.117826	-0.573912	0.000000	-0.005558	0.020836	0.875864	-0.482076	-0.556125
-1.124469	-0.561181	0.000000	-0.005393	0.020396	0.866914	-0.498012	-0.519569
-1.130580	-0.549469	0.000000	-0.005349	0.019597	0.858630	-0.512192	-0.486705
-1.136202	-0.538693	0.000000	-0.005795	0.018921	0.852304	-0.522671	-0.462197
-1.141375	-0.528780	0.000000	-0.005898	0.018605	0.848055	-0.529548	-0.446019
-1.146133	-0.519659	0.000000	-0.005659	0.018568	0.845442	-0.533714	-0.436190
-1.150511	-0.511268	0.000000	-0.005440	0.018463	0.844449	-0.535290	-0.432468
-1.154539	-0.503549	0.000000	-0.004974	0.018711	0.844046	-0.535921	-0.430990
-1.158245	-0.496447	0.000000	-0.004697	0.018947	0.843056	-0.537472	-0.427324
-1.161654	-0.489913	0.000000	-0.004746	0.019100	0.842593	-0.538192	-0.425616
-1.164790	-0.483902	0.000000	-0.005087	0.019548	0.842008	-0.539086	-0.423484
-1.167676	-0.478372	0.000000	-0.005272	0.020212	0.841435	-0.539955	-0.421420
-1.170330	-0.473284	0.000000	-0.004993	0.021142	0.840777	-0.540946	-0.419079
-1.172773	-0.468603	0.000000	-0.004466	0.022113	0.840148	-0.541888	-0.416864
-1.175019	-0.464297	0.000000	-0.003797	0.023051	0.839823	-0.542357	-0.415776
-1.177087	-0.460335	0.000000	-0.003335	0.023793	0.838960	-0.543663	-0.412687
-1.178988	-0.456690	0.000000	-0.003146	0.023677	0.838343	-0.544619	-0.410411
-1.180738	-0.453337	0.000000	-0.002926	0.023140	0.838233	-0.544813	-0.409950
-1.182348	-0.450252	0.000000	-0.003131	0.021734	0.838243	-0.544854	-0.409833
-1.183829	-0.447413	0.000000	-0.004685	0.019443	0.837485	-0.546094	-0.406813
-1.185191	-0.444802	0.000000	-0.005488	0.018141	0.836710	-0.547319	-0.403854
-1.186444	-0.442400	0.000000	-0.003695	0.017994	0.835950	-0.548498	-0.401087
-1.187597	-0.440190	0.000000	-0.003575	0.017748	0.834975	-0.549990	-0.397518
-1.188658	-0.438157	0.000000	-0.004000	0.017292	0.836618	-0.547500	-0.403460
-1.189634	-0.436286	0.000000	-0.003525	0.017990	0.835998	-0.548426	-0.401263
-1.190532	-0.434565	0.000000	-0.002840	0.018665	0.835390	-0.549334	-0.399112
-1.191358	-0.432982	0.000000	-0.002409	0.018315	0.834534	-0.550647	-0.395975
-1.192118	-0.431525	0.000000	-0.002752	0.016677	0.833724	-0.551923	-0.392896
-1.192713	-0.413298	0.000000	-0.004041	0.015074	0.832920	-0.553173	-0.389859
-1.193260	-0.396529	0.000000	-0.005898	0.012988	0.832008	-0.554580	-0.386421
-1.193764	-0.381101	0.000000	-0.007213	0.012026	0.831349	-0.555574	-0.383991
-1.194227	-0.366908	0.000000	-0.007911	0.011614	0.830621	-0.556661	-0.381352
-1.194653	-0.353850	0.000000	-0.008016	0.012008	0.830022	-0.557544	-0.379222
-1.195045	-0.341836	0.000000	-0.008146	0.012459	0.829271	-0.558648	-0.376556
-1.195406	-0.330784	0.000000	-0.008329	0.012478	0.828831	-0.559298	-0.374983
-1.195738	-0.320616	0.000000	-0.008520	0.012412	0.828323	-0.560048	-0.373165
-1.196043	-0.311261	0.000000	-0.008554	0.012478	0.827861	-0.560729	-0.371519
-1.196324	-0.302655	0.000000	-0.008461	0.012584	0.828079	-0.560407	-0.372301
-1.196582	-0.294737	0.000000	-0.008418	0.012572	0.828387	-0.559951	-0.373403
-1.196820	-0.287453	0.000000	-0.008462	0.012572	0.828386	-0.559953	-0.373396
-1.197039	-0.280751	0.000000	-0.008525	0.012506	0.828315	-0.560058	-0.373142
-1.197240	-0.274586	0.000000	-0.008488	0.012553	0.828344	-0.560014	-0.373248
-1.197425	-0.268914	0.000000	-0.008481	0.012581	0.828320	-0.560050	-0.373162
-1.197595	-0.263695	0.000000	-0.008525	0.012538	0.828497	-0.559788	-0.373793
-1.197752	-0.258894	0.000000	-0.008495	0.012535	0.828481	-0.559813	-0.373734
-1.197896	-0.254477	0.000000	-0.008472	0.012535	0.828508	-0.559772	-0.373833
-1.198029	-0.250414	0.000000	-0.008507	0.012534	0.828496	-0.559791	-0.373787
-1.198151	-0.246675	0.000000	-0.008508	0.012551	0.828483	-0.559809	-0.373743
-1.198263	-0.243236	0.000000	-0.008533	0.012509	0.828708	-0.559476	-0.374546
-1.198366	-0.240072	0.000000	-0.008503	0.012509	0.828709	-0.559475	-0.374549
-1.198461	-0.237160	0.000000	-0.008490	0.012499	0.828707	-0.559478	-0.374541
-1.230502	-0.234285	0.000000	-0.008489	0.012523	0.828697	-0.559493	-0.374506
-1.259979	-0.231639	0.000000	-0.008489	0.012504	0.828704	-0.559484	-0.374529
-1.287098	-0.229205	0.000000	-0.008506	0.012440	0.829027	-0.559006	-0.375680
-1.312048	-0.226966	0.000000	-0.008517	0.012457	0.829030	-0.559000	-0.375694
-1.335002	-0.224905	0.000000	-0.008530	0.012502	0.829031	-0.558998	-0.375699
-1.356119	-0.223010	0.000000	-0.008538	0.012521	0.829022	-0.559011	-0.375667
-1.375547	-0.221266	0.000000	-0.008532	0.012545	0.829013	-0.559024	-0.375637
-1.393421	-0.219662	0.000000	-0.008544	0.012530	0.829110	-0.558879	-0.375984
-1.409865	-0.218186	0.000000	-0.008541	0.012533	0.829081	-0.558923	-0.375879
-1.424993	-0.216828	0.000000	-0.008547	0.012515	0.829070	-0.558939	-0.375841
-1.438911	-0.215579	0.000000	-0.008552	0.012543	0.829074	-0.558933	-0.375855
-1.451716	-0.214430	0.000000	-0.008540	0.012551	0.829090	-0.558908	-0.375914
-1.463496	-0.213373	0.000000	-0.008566	0.012492	0.829301	-0.558597	-0.376664
-1.474334	-0.212400	0.000000	-0.008569	0.012520	0.829304	-0.558591	-0.376678
-1.484305	-0.211505	0.000000	-0.008549	0.012531	0.829287	-0.558617	-0.376618
-1.493478	-0.210682	0.000000	-0.008551	0.012517	0.829282	-0.558625	-0.376597
-1.501918	-0.209924	0.000000	-0.008554	0.012493	0.829289	-0.558615	-0.376621
-1.509682	-0.209227	0.000000	-0.008576	0.012451	0.829421	-0.558420	-0.377091
-1.516825	-0.208586	0.000000	-0.008610	0.012508	0.829395	-0.558457	-0.377001
-1.523396	-0.207996	0.000000	-0.008639	0.012517	0.829397	-0.558452	-0.377011
-1.529442	-0.207454	0.000000	-0.008624	0.012505	0.829393	-0.558459	-0.376996
-1.535004	-0.206955	0.000000	-0.008634	0.012505	0.829400	-0.558449	-0.377019
-1.540122	-0.206495	0.000000	-0.008648	0.012492	0.829445	-0.558381	-0.377182
-1.544830	-0.206073	0.000000	-0.008687	0.012504	0.829449	-0.558375	-0.377194
-1.549161	-0.205684	0.000000	-0.008702	0.012485	0.829446	-0.558379	-0.377184
-1.553145	-0.205326	0.000000	-0.008683	0.012486	0.829449	-0.558375	-0.377195
-1.556811	-0.204997	0.000000	-0.008715	0.012523	0.829444	-0.558381	-0.377179
-1.560184	-0.204695	0.000000	-0.008755	0.012460	0.829520	-0.558270	-0.377445
-1.563287	-0.204416	0.000000	-0.008750	0.012462	0.829519	-0.558271	-0.377443
-1.566142	-0.204160	0.000000	-0.008766	0.012467	0.829529	-0.558255	-0.377481
-1.568768	-0.203924	0.000000	-0.008768	0.012461	0.829547	-0.558230	-0.377543
-1.571184	-0.203707	0.000000	-0.008776	0.012451	0.829542	-0.558236	-0.377526
-1.573407	-0.203508	0.000000	-0.008781	0.012381	0.829614	-0.558131	-0.377780
-1.575452	-0.203324	0.000000	-0.008802	0.012399	0.829614	-0.558130	-0.377781
-1.577333	-0.203155	0.000000	-0.008811	0.012389	0.829626	-0.558113	-0.377823
-1.579064	-0.203000	0.000000	-0.008799	0.012355	0.829630	-0.558108	-0.377835
-1.580657	-0.202857	0.000000	-0.008786	0.012356	0.829626	-0.558114	-0.377821
-1.582122	-0.202726	0.000000	-0.008812	0.012341	0.829695	-0.558011	-0.378067
-1.583470	-0.202605	0.000000	-0.008823	0.012340	0.829706	-0.557995	-0.378106
-1.584710	-0.202493	0.000000	-0.008885	0.012331	0.829692	-0.558015	-0.378056
-1.585850	-0.202391	0.000000	-0.008866	0.012359	0.829688	-0.558020	-0.378044
-1.586900	-0.202297	0.000000	-0.008860	0.012373	0.829685	-0.558024	-0.378034
-1.587865	-0.202210	0.000000	-0.008871	0.012362	0.829682	-0.558029	-0.378021
-1.588754	-0.202130	0.000000	-0.008902	0.012393	0.829692	-0.558013	-0.378060
-1.589571	-0.202057	0.000000	-0.008909	0.012374	0.829686	-0.558021	-0.378039
-1.590323	-0.201989	0.000000	-0.008911	0.012360	0.829689	-0.558018	-0.378048
-1.591015	-0.201927	0.000000	-0.008936	0.012354	0.829692	-0.558014	-0.378057
-1.591651	-0.201870	0.000000	-0.008975	0.012334	0.829709	-0.557988	-0.378117
-1.592237	-0.201818	0.000000	-0.008989	0.012344	0.829707	-0.557990	-0.378113
-1.592775	-0.201769	0.000000	-0.008992	0.012334	0.829714	-0.557979	-0.378137
-1.593271	-0.201725	0.000000	-0.008988	0.012364	0.829705	-0.557993	-0.378105
-1.593727	-0.201684	0.000000	-0.008997	0.012368	0.829700	-0.558001	-0.378086
-1.594146	-0.201646	0.000000	-0.009016	0.012355	0.829733	-0.557951	-0.378205
-1.594532	-0.201612	0.000000	-0.009015	0.012359	0.829737	-0.557945	-0.378219
-1.594887	-0.201580	0.000000	-0.009022	0.012380	0.829728	-0.557957	-0.378190
-1.595109	-0.184663	0.000000	-0.009027	0.012383	0.829717	-0.557974	-0.378148
-1.595314	-0.169100	0.000000	-0.009064	0.012388	0.829713	-0.557980	-0.378134
-1.595606	-0.171669	0.000000	-0.009076	0.012376	0.829715	-0.557977	-0.378140
-1.595771	-0.157145	0.000000	-0.009090	0.012396	0.829716	-0.557974	-0.378146
-1.595922	-0.143783	0.000000	-0.009091	0.012400	0.829717	-0.557973	-0.378150
-1.596062	-0.131491	0.000000	-0.009071	0.012405	0.829726	-0.557960	-0.378182
-1.596190	-0.120181	0.000000	-0.009083	0.012412	0.829717	-0.557973	-0.378150
-1.596308	-0.109776	0.000000	-0.009075	0.012400	0.829730	-0.557954	-0.378196
-1.596416	-0.100204	0.000000	-0.009095	0.012395	0.829727	-0.557957	-0.378186
-1.596516	-0.091398	0.000000	-0.009133	0.012412	0.829736	-0.557943	-0.378218
-1.596608	-0.083296	0.000000	-0.009142	0.012395	0.829740	-0.557937	-0.378234
-1.596693	-0.075842	0.000000	-0.009135	0.012427	0.829734	-0.557945	-0.378214
-1.596770	-0.068984	0.000000	-0.009152	0.012386	0.829743	-0.557934	-0.378241
-1.596842	-0.062675	0.000000	-0.009183	0.012377	0.829754	-0.557917	-0.378281
-1.596908	-0.056871	0.000000	-0.009180	0.012373	0.829752	-0.557920	-0.378273
-1.596908	-0.056871	0.000000	-0.009180	0.012373	0.829752	-0.557920	-0.378273
-1.596908	-0.056871	0.000000	-0.009180	0.012373	0.829752	-0.557920	-0.378273
-1.596908	-0.056871	0.000000	-0.009180	0.012373	0.829752	-0.557920	-0.378273
-1.596908	-0.056871	0.000000	-0.009180	0.012373	0.829752	-0.557920	-0.378273
-1.596908	-0.056871	0.000000	-0.009180	0.012373	0.829752	-0.557920	-0.378273
-1.596908	-0.056871	0.000000	-0.009180	0.012373	0.829752	-0.557920	-0.378273
-1.596908	-0.056871	0.000000	-0.009180	0.012373	0.829752	-0.557920	-0.378273
-1.596908	-0.056871	0.000000	-0.009180	0.012373	0.829752	-0.557920	-0.378273
-1.596908	-0.056871	0.000000	-0.009180	0.012373	0.829752	-0.557920	-0.378273
-1.596908	-0.056871	0.000000	-0.009180	0.012373	0.829752	-0.557920	-0.378273
-1.596908	-0.056871	0.000000	-0.009180	0.012373	0.829752	-0.557920	-0.378273
-1.596908	-0.056871	0.000000	-0.009180	0.012373	0.829752	-0.557920	-0.378273
-1.596908	-0.056871	0.000000	-0.009180	0.012373	0.829752	-0.557920	-0.378273
-1.596908	-0.056871	0.000000	-0.009180	0.012373	0.829752	-0.557920	-0.378273
-1.596908	-0.056871	0.000000	-0.009180	0.012373	0.829752	-0.557920	-0.378273
-1.596908	-0.056871	0.000000	-0.009180	0.012373	0.829752	-0.557920	-0.378273
-1.596908	-0.056871	0.000000	-0.009180	0.012373	0.829752	-0.557920	-0.378273
-1.596908	-0.056871	0.000000	-0.009180	0.012373	0.829752	-0.557920	-0.378273
-1.596908	-0.056871	0.000000	-0.009180	0.012373	0.829752	-0.557920	-0.378273
-1.596908	-0.056871	0.000000	-0.009180	0.012373	0.829752	-0.557920	-0.378273
-1.596908	-0.056871	0.000000	-0.009180	0.012373	0.829752	-0.557920	-0.378273
-1.596908	-0.056871	0.000000	-0.009180	0.012373	0.829752	-0.557920	-0.378273
-1.596908	-0.056871	0.000000	-0.009180	0.012373	0.829752	-0.557920	-0.378273
-1.596908	-0.056871	0.000000	-0.009180	0.012373	0.829752	-0.557920	-0.378273
-1.596908	-0.056871	0.000000	-0.009180	0.012373	0.829752	-0.557920	-0.378273
-1.596908	-0.056871	0.000000	-0.009180	0.012373	0.829752	-0.557920	-0.378273
-1.596908	-0.056871	0.000000	-0.009180	0.012373	0.829752	-0.557920	-0.378273
-1.596908	-0.056871	0.000000	-0.009180	0.012373	0.829752	-0.557920	-0.378273
-1.596908	-0.056871	0.000000	-0.009180	0.012373	0.829752	-0.557920	-0.378273
-1.596908	-0.056871	0.000000	-0.009180	0.012373	0.829752	-0.557920	-0.378273
-1.596908	-0.056871	0.000000	-0.009180	0.012373	0.829752	-0.557920	-0.378273
-1.596908	-0.056871	0.000000	-0.009180	0.012373	0.829752	-0.557920	-0.378273
-1.596908	-0.056871	0.000000	-0.009180	0.012373	0.829752	-0.557920	-0.378273
