0.000000	0.000000	0.000000	0.000000	0.000000	0.000000	0.000000	0.000000
0.000000	0.000000	0.000000	0.000000	0.000000	0.000000	0.000000	0.000000
0.000000	0.000000	0.000000	0.000000	0.000000	0.000000	0.000000	0.000000
0.000000	0.000000	0.000000	0.000000	0.000000	0.000000	0.000000	0.000000
0.000000	0.000000	0.000000	0.000000	0.000000	0.000000	0.000000	0.000000
0.000000	0.000000	0.000000	0.000000	0.000000	0.000000	0.000000	0.000000
0.000000	0.000000	0.000000	0.000000	0.000000	0.000000	0.000000	0.000000
0.000000	0.000000	0.000000	0.000000	0.000000	0.000000	0.000000	0.000000
0.000000	0.000000	0.000000	0.000000	0.000000	0.000000	0.000000	0.000000
0.000000	0.000000	0.000000	0.002032	-0.007323	-0.752512	-0.658535	1.703854
0.000000	0.000000	0.000000	0.002020	-0.007359	-0.752471	-0.658582	1.703731
0.000000	0.000000	0.000000	0.002027	-0.007389	-0.752438	-0.658618	1.703633
0.000000	0.000000	0.000000	0.002001	-0.007375	-0.752411	-0.658650	1.703549
0.000000	0.000000	0.000000	0.001990	-0.007347	-0.752376	-0.658690	1.703442
0.000000	0.000000	0.000000	0.001969	-0.007350	-0.752320	-0.658754	1.703273
0.000000	0.000000	0.000000	0.001986	-0.007351	-0.752278	-0.658802	1.703145
0.000000	0.000000	0.000000	0.002009	-0.007340	-0.752237	-0.658849	1.703020
0.000000	0.000000	0.000000	0.001996	-0.007355	-0.752194	-0.658898	1.702890
0.000000	0.000000	0.000000	0.002051	-0.007355	-0.752145	-0.658953	1.702743
0.000000	0.000000	0.000000	0.002045	-0.007348	-0.752122	-0.658980	1.702672
0.000000	0.000000	0.000000	0.002019	-0.007374	-0.752077	-0.659031	1.702537
0.000000	0.000000	0.000000	0.001988	-0.007394	-0.752041	-0.659072	1.702427
0.000000	0.000000	0.000000	0.001980	-0.007405	-0.752006	-0.659112	1.702321
0.000000	0.000000	0.000000	0.001960	-0.007397	-0.751959	-0.659166	1.702178
0.000000	0.000000	0.000000	0.001941	-0.007391	-0.751940	-0.659187	1.702121
0.000000	0.000000	0.000000	0.001924	-0.007403	-0.751922	-0.659208	1.702065
0.000000	0.000000	0.000000	0.001912	-0.007386	-0.751878	-0.659259	1.701931
0.000000	0.000000	0.000000	0.001932	-0.007366	-0.751869	-0.659269	1.701904
0.000094	0.015199	0.000000	0.001943	-0.007359	-0.751839	-0.659303	1.701812
0.000180	0.029181	0.000000	0.001966	-0.007367	-0.751795	-0.659353	-0.001084
0.000260	0.042045	0.000000	0.001963	-0.007381	-0.751780	-0.659370	-0.001127
0.000333	0.053880	0.000000	0.001938	-0.007362	-0.751747	-0.659408	-0.001229
0.000400	0.064768	0.000000	0.001923	-0.007359	-0.751699	-0.659463	-0.001374
0.000462	0.074785	0.000000	0.001911	-0.007347	-0.751656	-0.659511	-0.001504
0.000519	0.084001	0.000000	0.001906	-0.007361	-0.751620	-0.659553	-0.001615
0.000572	0.092480	0.000000	0.001901	-0.007352	-0.751592	-0.659584	-0.001697
0.000620	0.100280	0.000000	0.001896	-0.007382	-0.751563	-0.659617	-0.001786
0.000664	0.107456	0.000000	0.001856	-0.007381	-0.751548	-0.659634	-0.001830
0.000705	0.114058	0.000000	0.001861	-0.007377	-0.751504	-0.659684	-0.001964
0.000743	0.120132	0.000000	0.001886	-0.007337	-0.751463	-0.659732	-0.002091
0.000777	0.125720	0.000000	0.001891	-0.007332	-0.751429	-0.659770	-0.002192
0.000809	0.130861	0.000000	0.001903	-0.007339	-0.751384	-0.659822	-0.002330
-0.031115	0.135788	0.000000	0.001888	-0.007328	-0.751376	-0.659831	-0.002355
-0.060485	0.140321	0.000000	0.001893	-0.007329	-0.751363	-0.659845	-0.002392
-0.087506	0.144492	0.000000	0.001887	-0.007300	-0.751323	-0.659892	-0.002516
-0.112365	0.148328	0.000000	0.001870	-0.007265	-0.751272	-0.659950	-0.002673
-0.135235	0.151858	0.000000	0.001860	-0.007278	-0.751237	-0.659990	-0.002779
-0.156275	0.155106	0.000000	0.001850	-0.007243	-0.751228	-0.660000	-0.002804
-0.175633	0.158093	0.000000	0.001852	-0.007211	-0.751191	-0.660042	-0.002917
-0.193441	0.160842	0.000000	0.001837	-0.007231	-0.751159	-0.660080	-0.003016
-0.209825	0.163371	0.000000	0.001846	-0.007255	-0.751117	-0.660126	-0.003140
-0.224899	0.165697	0.000000	0.001848	-0.007271	-0.751074	-0.660176	-0.003272
-0.238766	0.167838	0.000000	0.001852	-0.007249	-0.751063	-0.660188	-0.003306
-0.251524	0.169807	0.000000	0.001810	-0.007242	-0.751016	-0.660242	-0.003448
-0.263261	0.171618	0.000000	0.001783	-0.007256	-0.750978	-0.660286	-0.003564
-0.274060	0.173285	0.000000	0.001780	-0.007258	-0.750964	-0.660301	-0.003604
-0.283994	0.174818	0.000000	0.001794	-0.007251	-0.750908	-0.660364	-0.003774
-0.293134	0.176229	0.000000	0.001784	-0.007230	-0.750886	-0.660390	-0.003843
-0.301543	0.177527	0.000000	0.001754	-0.007231	-0.750863	-0.660416	-0.003913
-0.309279	0.178721	0.000000	0.001732	-0.007230	-0.750830	-0.660454	-0.004012
-0.316396	0.179819	0.000000	0.001728	-0.007206	-0.750813	-0.660473	-0.004064
-0.322943	0.180830	0.000000	0.001730	-0.007222	-0.750801	-0.660487	-0.004101
-0.328967	0.181759	0.000000	0.001731	-0.007203	-0.750768	-0.660524	-0.004199
-0.334509	0.182615	0.000000	0.001721	-0.007179	-0.750742	-0.660554	-0.004279
-0.339608	0.183402	0.000000	0.001706	-0.007163	-0.750730	-0.660568	-0.004317
-0.344298	0.184126	0.000000	0.001701	-0.007200	-0.750691	-0.660612	-0.004435
-0.348614	0.184792	0.000000	0.001725	-0.007248	-0.750643	-0.660666	-0.004576
-0.352584	0.185405	0.000000	0.001711	-0.007225	-0.750634	-0.660677	-0.004606
-0.356237	0.185968	0.000000	0.001687	-0.007231	-0.750601	-0.660714	-0.004706
-0.359597	0.186487	0.000000	0.001689	-0.007233	-0.750562	-0.660758	-0.004823
-0.362689	0.186964	0.000000	0.001718	-0.007232	-0.750523	-0.660803	-0.004942
-0.365533	0.187403	0.000000	0.001716	-0.007218	-0.750483	-0.660848	-0.005064
-0.368150	0.187807	0.000000	0.001699	-0.007213	-0.750450	-0.660886	-0.005163
-0.370557	0.188178	0.000000	0.001704	-0.007198	-0.750418	-0.660921	-0.005258
-0.372772	0.188520	0.000000	0.001709	-0.007200	-0.750383	-0.660962	-0.005365
-0.374809	0.188835	0.000000	0.001716	-0.007191	-0.750338	-0.661013	-0.005503
-0.376684	0.189124	0.000000	0.001723	-0.007209	-0.750289	-0.661069	-0.005651
-0.378409	0.189390	0.000000	0.001679	-0.007169	-0.750267	-0.661094	-0.005719
-0.379995	0.189635	0.000000	0.001639	-0.007135	-0.750119	-0.661262	-0.006166
-0.381455	0.189860	0.000000	0.001522	-0.006928	-0.749870	-0.661547	-0.006926
-0.382798	0.190068	0.000000	0.001344	-0.006540	-0.750284	-0.661082	-0.005686
-0.384033	0.190258	0.000000	0.001305	-0.006338	-0.750096	-0.661298	-0.006261
-0.385170	0.190434	0.000000	0.001538	-0.006455	-0.749959	-0.661452	-0.006672
-0.386216	0.190595	0.000000	0.001975	-0.006471	-0.750029	-0.661371	-0.006459
-0.387178	0.190744	0.000000	0.002493	-0.006401	-0.749871	-0.661548	-0.006935
-0.388063	0.190880	0.000000	0.002672	-0.006534	-0.750095	-0.661292	-0.006254
-0.388877	0.191006	0.000000	0.002686	-0.006423	-0.750135	-0.661249	-0.006138
-0.389626	0.191122	0.000000	0.002500	-0.004889	-0.750762	-0.660550	-0.004278
-0.390316	0.191228	0.000000	0.002439	-0.002607	-0.750729	-0.660600	-0.004415
-0.390950	0.191326	0.000000	0.002548	-0.001585	-0.750894	-0.660416	-0.003925
-0.391533	0.191416	0.000000	0.002195	-0.001233	-0.751146	-0.660132	-0.003166
-0.392070	0.191499	0.000000	0.001919	-0.004069	-0.751391	-0.659841	-0.002388
-0.392563	0.191575	0.000000	0.001207	-0.011103	-0.753306	-0.657575	0.003654
-0.393018	0.191645	0.000000	-0.001067	-0.016383	-0.753296	-0.657476	0.003926
-0.393436	0.191710	0.000000	-0.003228	-0.018381	-0.753774	-0.656869	0.005518
-0.393716	0.208656	0.000000	-0.005453	-0.014637	-0.755703	-0.654728	0.011134
-0.393973	0.224247	0.000000	-0.005491	-0.005585	-0.755207	-0.655440	0.009240
-0.426164	0.238788	0.000000	-0.002722	-0.002988	-0.755351	-0.655308	0.009634
-0.455779	0.252166	0.000000	-0.000208	-0.003080	-0.755461	-0.655186	0.009973
-0.483025	0.264474	0.000000	-0.001920	-0.004482	-0.754579	-0.656191	0.007304
-0.508091	0.275797	0.000000	-0.011695	-0.004534	-0.756031	-0.654416	0.011745
-0.531152	0.286214	0.000000	-0.015626	-0.005996	-0.755399	-0.655052	0.009853
-0.552368	0.295798	0.000000	-0.016410	-0.006553	-0.756559	-0.653686	0.013414
-0.571887	0.304615	0.000000	-0.016727	-0.004134	-0.756098	-0.654231	0.011961
-0.589740	0.329614	0.000000	-0.014787	-0.002833	-0.755422	-0.655066	0.009874
-0.606164	0.352613	0.000000	-0.013737	-0.002163	-0.755424	-0.655089	0.009872
-0.621275	0.373772	0.000000	-0.013781	-0.003589	-0.756306	-0.654062	0.012581
-0.635177	0.393239	0.000000	-0.012070	-0.004890	-0.758721	-0.651286	0.019991
-0.647966	0.411148	0.000000	-0.010983	-0.006218	-0.758925	-0.651056	0.020642
-0.659733	0.427624	0.000000	-0.008385	-0.005208	-0.758747	-0.651310	0.020071
-0.670558	0.442783	0.000000	-0.009819	-0.001059	-0.757321	-0.652968	0.015654
-0.680517	0.456728	0.000000	-0.011111	0.002958	-0.756248	-0.654184	0.012406
-0.721529	0.486643	0.000000	-0.011384	0.003019	-0.758417	-0.651663	0.019051
-0.759259	0.514165	0.000000	-0.009783	-0.000634	-0.757891	-0.652308	0.017401
-0.793971	0.539485	0.000000	-0.009547	-0.004057	-0.757962	-0.652217	0.017642
-0.825906	0.562779	0.000000	-0.010890	-0.005409	-0.757754	-0.652427	0.017033
-0.855286	0.584210	0.000000	-0.009262	-0.006292	-0.757513	-0.652724	0.016311
-0.882316	0.603926	0.000000	-0.005432	-0.006402	-0.758036	-0.652158	0.017914
-0.907183	0.622065	0.000000	-0.003444	-0.004723	-0.756453	-0.654021	0.013030
-0.930061	0.638753	0.000000	-0.000325	-0.005732	-0.755673	-0.654925	0.010668
-0.951005	0.670993	0.000000	0.000964	-0.009650	-0.754696	-0.656002	0.007823
-0.970273	0.700654	0.000000	-0.004453	-0.007324	-0.753970	-0.656852	0.005518
-0.987999	0.727942	0.000000	-0.003893	-0.006858	-0.755061	-0.655607	0.008827
-1.004308	0.753047	0.000000	-0.001238	-0.009745	-0.754549	-0.656170	0.007370
-1.019311	0.776144	0.000000	0.002857	-0.013650	-0.753445	-0.657362	0.004221
-1.033115	0.797393	0.000000	0.004172	-0.012992	-0.752339	-0.658635	0.000825
-1.045814	0.816941	0.000000	0.000310	-0.013133	-0.753247	-0.657606	0.003577
-1.089346	0.852011	0.000000	0.000104	-0.014135	-0.754342	-0.656330	0.006967
-1.129395	0.884276	0.000000	-0.000329	-0.014102	-0.752107	-0.658890	0.000167
-1.166241	0.913959	0.000000	0.004700	-0.013861	-0.750395	-0.660827	-0.005015
-1.200139	0.941267	0.000000	0.011294	-0.011197	-0.747847	-0.663680	-0.012822
-1.231325	0.966391	0.000000	0.016428	-0.008527	-0.746895	-0.664684	-0.015780
-1.260016	0.989505	0.000000	0.010048	-0.007585	-0.749041	-0.662404	-0.009380
-1.286412	1.010770	0.000000	0.004557	-0.010465	-0.748388	-0.663163	-0.011259
-1.310696	1.030334	0.000000	0.001406	-0.009327	-0.745915	-0.665974	-0.018761
-1.333038	1.048332	0.000000	0.003118	-0.005835	-0.745114	-0.666904	-0.021273
-1.353487	1.081778	0.000000	0.003521	-0.002651	-0.746911	-0.664910	-0.015936
-1.372301	1.112548	0.000000	0.008982	0.000886	-0.746105	-0.665767	-0.018366
-1.389610	1.140857	0.000000	0.015877	0.003979	-0.744349	-0.667590	-0.023593
-1.405534	1.166901	0.000000	0.016232	0.003982	-0.746347	-0.665347	-0.017597
-1.420184	1.190861	0.000000	0.011999	0.000774	-0.747491	-0.664163	-0.014190
-1.433662	1.212905	0.000000	0.013761	-0.000624	-0.745758	-0.666074	-0.019392
-1.446062	1.233185	0.000000	0.013454	0.000717	-0.744294	-0.667716	-0.023787
-1.457470	1.251843	0.000000	0.011261	0.002789	-0.744088	-0.667980	-0.024399
-1.467965	1.269008	0.000000	0.009791	0.007083	-0.743533	-0.668590	-0.025984
-1.509469	1.301884	0.000000	0.009721	0.010325	-0.742502	-0.669694	-0.028952
-1.547654	1.332131	0.000000	0.010310	0.010839	-0.742156	-0.670060	-0.029962
-1.582783	1.359958	0.000000	0.009198	0.009439	-0.741153	-0.671207	-0.033011
-1.615102	1.385559	0.000000	0.008568	0.006223	-0.740673	-0.671782	-0.034541
-1.644835	1.409111	0.000000	0.009348	0.001180	-0.742118	-0.670203	-0.030302
-1.672190	1.430780	0.000000	0.009393	0.000886	-0.742463	-0.669820	-0.029273
-1.697357	1.450715	0.000000	0.008877	0.004291	-0.742211	-0.670093	-0.029994
-1.720405	1.485942	0.000000	0.006201	0.004522	-0.741748	-0.670635	-0.031374
-1.741610	1.518351	0.000000	0.004684	0.003987	-0.740589	-0.671929	-0.034836
-1.761119	1.548168	0.000000	0.003772	0.001609	-0.738678	-0.674045	-0.040541
-1.779067	1.575599	0.000000	0.002904	0.002031	-0.734716	-0.678365	-0.052258
-1.795578	1.600836	0.000000	0.002597	0.001667	-0.729039	-0.684465	-0.068924
-1.810769	1.624054	0.000000	0.002660	0.001100	-0.725008	-0.688734	-0.080666
-1.824745	1.645414	0.000000	0.004037	0.000212	-0.725044	-0.688691	-0.080565
-1.837603	1.665065	0.000000	0.005288	-0.001200	-0.724785	-0.688954	-0.081312
-1.849432	1.683145	0.000000	0.006342	-0.002255	-0.722571	-0.691264	-0.087721
-1.860315	1.699778	0.000000	0.006790	-0.001562	-0.722108	-0.691746	-0.089066
-1.902176	1.732165	0.000000	0.007773	-0.004555	-0.721839	-0.692002	-0.089802
-1.940688	1.761961	0.000000	0.009072	-0.011057	-0.720963	-0.692825	-0.092118
-1.976119	1.789374	0.000000	0.008160	-0.011129	-0.721994	-0.691761	-0.089138
-2.008715	1.814593	0.000000	0.007721	-0.011681	-0.723735	-0.689936	-0.084073
-2.038704	1.837795	0.000000	0.006506	-0.011446	-0.721832	-0.691943	-0.089596
-2.066294	1.859141	0.000000	0.005435	-0.011571	-0.722872	-0.690864	-0.086583
-2.091677	1.878779	0.000000	0.004211	-0.011223	-0.722906	-0.690843	-0.086503
-2.115029	1.896847	0.000000	0.003440	-0.010455	-0.723098	-0.690658	-0.085983
-2.136513	1.913468	0.000000	0.003243	-0.009931	-0.724555	-0.689138	-0.081780
-2.156278	1.928760	0.000000	0.002826	-0.009986	-0.723292	-0.690464	-0.085439
-2.174462	1.942829	0.000000	0.002500	-0.009848	-0.725356	-0.688299	-0.079457
-2.191191	1.955772	0.000000	0.002322	-0.009476	-0.725817	-0.687819	-0.078133
-2.206582	1.967680	0.000000	0.002102	-0.009276	-0.726399	-0.687207	-0.076448
-2.220741	1.978635	0.000000	0.001815	-0.009332	-0.727180	-0.686381	-0.074171
-2.233768	1.988714	0.000000	0.001652	-0.009729	-0.727777	-0.685743	-0.072416
-2.245753	1.997986	0.000000	0.001607	-0.010008	-0.731068	-0.682229	-0.062781
-2.256779	2.006517	0.000000	0.001228	-0.009562	-0.733591	-0.679523	-0.055389
-2.266818	2.031252	0.000000	0.001364	-0.010346	-0.734051	-0.679015	-0.054003
-2.276055	2.054009	0.000000	0.002756	-0.010993	-0.733994	-0.679061	-0.054136
-2.284552	2.074945	0.000000	0.003987	-0.010764	-0.739111	-0.673486	-0.039012
-2.292370	2.094206	0.000000	0.003141	-0.010202	-0.746025	-0.665832	-0.018388
-2.299562	2.111926	0.000000	0.002489	-0.010470	-0.751383	-0.659778	-0.002209
-2.306179	2.128229	0.000000	0.002060	-0.009858	-0.756258	-0.654196	0.012602
-2.312266	2.143227	0.000000	0.001962	-0.008747	-0.761032	-0.648653	0.027213
-2.317867	2.157026	0.000000	0.002372	-0.008532	-0.766125	-0.642630	0.042986
-2.323019	2.169721	0.000000	0.002165	-0.008286	-0.773333	-0.633942	0.065561
-2.327759	2.181400	0.000000	0.002297	-0.007693	-0.778778	-0.627248	0.082809
-2.332120	2.192144	0.000000	0.001949	-0.007245	-0.784791	-0.619714	0.102082
-2.336132	2.202030	0.000000	0.002044	-0.007533	-0.789931	-0.613146	0.118767
-2.339824	2.211124	0.000000	0.001413	-0.008462	-0.792167	-0.610244	0.126110
-2.343219	2.219491	0.000000	0.001076	-0.008606	-0.794633	-0.607028	0.134218
-2.346344	2.227188	0.000000	0.000493	-0.008142	-0.797332	-0.603486	0.143114
-2.349218	2.234270	0.000000	0.000640	-0.008483	-0.801212	-0.598320	0.156041
-2.351967	2.223898	0.000000	0.000475	-0.007564	-0.805192	-0.592966	0.169370
-2.386449	2.214553	0.000000	-0.000059	-0.007547	-0.808790	-0.588049	0.181553
-2.386219	2.205758	0.000000	-0.000818	-0.006574	-0.813972	-0.580867	0.199250
-2.386008	2.197667	0.000000	-0.000375	-0.006542	-0.818391	-0.574625	0.214548
-2.385813	2.190223	0.000000	-0.001140	-0.005614	-0.823827	-0.566813	0.233567
-2.385634	2.183375	0.000000	-0.001307	-0.004772	-0.829510	-0.558470	0.253748
-2.417423	2.177272	0.000000	-0.002418	-0.004022	-0.835503	-0.549465	0.275370
-2.414715	2.171460	0.000000	-0.002931	-0.003579	-0.842092	-0.539313	0.299568
-2.412224	2.166112	0.000000	-0.002807	-0.003116	-0.847792	-0.530312	0.320877
-2.409932	2.161193	0.000000	-0.004144	-0.004005	-0.855601	-0.517603	0.350699
-2.439777	2.156864	0.000000	-0.006239	-0.004120	-0.861666	-0.507420	0.374377
-2.467235	2.152882	0.000000	-0.006680	-0.004262	-0.866973	-0.498292	0.395488
-2.492495	2.149219	0.000000	-0.006509	-0.004236	-0.871763	-0.489866	0.414874
-2.515735	2.145848	0.000000	-0.005220	-0.004340	-0.876681	-0.481024	0.435130
-2.537116	2.142747	0.000000	-0.004865	-0.005402	-0.881953	-0.471281	0.457293
-2.556786	2.139895	0.000000	-0.005042	-0.006459	-0.886909	-0.461872	0.478563
-2.574883	2.137270	0.000000	-0.004509	-0.007167	-0.892154	-0.451652	0.501548
-2.591531	2.134855	0.000000	-0.003380	-0.008358	-0.898399	-0.439087	0.529636
-2.606848	2.132634	0.000000	-0.003115	-0.009533	-0.903801	-0.427836	0.554614
-2.620940	2.130590	0.000000	-0.002700	-0.010476	-0.909459	-0.415654	0.581494
-2.633904	2.128710	0.000000	-0.000549	-0.011268	-0.914373	-0.404716	0.605522
-2.645831	2.126980	0.000000	-0.000024	-0.012630	-0.918959	-0.394150	0.628592
-2.656804	2.125389	0.000000	0.001234	-0.013758	-0.924826	-0.380138	0.659017
-2.666899	2.123925	0.000000	0.001916	-0.014699	-0.930588	-0.365769	0.690013
-2.676187	2.122578	0.000000	0.003304	-0.014719	-0.935485	-0.353044	0.717308
-2.684731	2.121339	0.000000	0.003695	-0.014858	-0.939344	-0.342635	0.739522
-2.692592	2.120198	0.000000	0.003567	-0.014687	-0.943407	-0.331292	0.763613
-2.699824	2.119150	0.000000	0.003932	-0.014893	-0.948063	-0.317708	0.792346
-2.706478	2.118185	0.000000	0.006393	-0.013855	-0.948244	-0.317174	0.793488
-2.712599	2.117297	0.000000	0.000675	-0.015633	-0.950731	-0.309623	0.809318
-2.718231	2.116480	0.000000	0.000766	-0.016058	-0.958720	-0.283896	0.863205
-2.723412	2.115729	0.000000	0.003383	-0.014229	-0.964323	-0.264325	0.903944
-2.728178	2.115037	0.000000	0.004054	-0.013613	-0.968629	-0.248105	0.937510
-2.732563	2.114401	0.000000	0.004040	-0.012809	-0.974227	-0.225170	0.984710
-2.736598	2.113816	0.000000	0.004165	-0.010982	-0.980245	-0.197437	1.041441
-2.740309	2.113278	0.000000	0.004388	-0.009466	-0.984678	-0.174071	1.088988
-2.743724	2.112783	0.000000	0.005609	-0.007886	-0.988188	-0.152937	1.131830
-2.746866	2.112327	0.000000	0.006359	-0.007584	-0.990869	-0.134465	1.169168
-2.749756	2.111908	0.000000	0.007213	-0.007118	-0.992848	-0.118958	1.200437
-2.752415	2.111522	0.000000	0.008146	-0.006833	-0.995163	-0.097663	1.243287
-2.754861	2.111168	0.000000	0.009090	-0.007269	-0.997173	-0.074230	1.290351
-2.757112	2.110841	0.000000	0.009096	-0.008177	-0.998513	-0.053131	1.332657
-2.759182	2.110541	0.000000	0.007906	-0.009317	-0.999384	-0.032890	1.373181
-2.761087	2.110265	0.000000	0.006421	-0.010816	-0.999832	-0.013356	1.412257
-2.762840	2.110011	0.000000	0.005882	-0.011518	-0.999913	0.002584	-4.839051
-2.764452	2.109777	0.000000	0.004137	-0.013097	-0.999744	0.017967	-4.808313
-2.765935	2.109562	0.000000	0.003080	-0.014809	-0.999264	0.035245	-4.773765
-2.767300	2.109364	0.000000	0.002476	-0.016140	-0.998473	0.052772	-4.738695
-2.768555	2.109182	0.000000	0.003220	-0.016206	-0.997773	0.064615	-4.714946
-2.769710	2.109014	0.000000	0.003977	-0.015962	-0.997394	0.070251	-4.703626
-2.770773	2.108860	0.000000	0.004649	-0.015859	-0.997161	0.073460	-4.697170
-2.771751	2.108718	0.000000	0.004610	-0.015998	-0.997088	0.074414	-4.695259
-2.772650	2.108588	0.000000	0.004200	-0.016062	-0.997100	0.074270	-4.695560
-2.773477	2.108468	0.000000	0.003909	-0.016194	-0.997072	0.074629	-4.694848
-2.774239	2.108357	0.000000	0.004032	-0.016184	-0.997059	0.074798	-4.694507
-2.774939	2.108256	0.000000	0.004193	-0.016051	-0.997081	0.074528	-4.695043
-2.775583	2.108162	0.000000	0.004194	-0.016015	-0.997072	0.074657	-4.694784
-2.776176	2.108076	0.000000	0.004000	-0.016140	-0.997054	0.074886	-4.694331
-2.776722	2.107997	0.000000	0.003205	-0.016297	-0.997032	0.075168	-4.693791
-2.777223	2.107924	0.000000	0.003269	-0.015897	-0.996970	0.076070	-4.691981
-2.777685	2.107857	0.000000	0.004069	-0.014756	-0.996960	0.076400	-4.691300
-2.778110	2.107796	0.000000	0.005375	-0.012986	-0.996988	0.076273	-4.691530
-2.778500	2.107739	0.000000	0.005453	-0.011424	-0.996936	0.077192	-4.689698
-2.778860	2.107687	0.000000	0.005155	-0.009846	-0.996982	0.076837	-4.690431
-2.779190	2.107639	0.000000	0.004511	-0.009108	-0.997045	0.076152	-4.691825
-2.779495	2.107595	0.000000	0.003427	-0.009083	-0.997066	0.075931	-4.692289
-2.779774	2.107554	0.000000	0.001809	-0.009837	-0.996904	0.077993	-4.688181
-2.780032	2.107517	0.000000	0.001931	-0.009519	-0.996708	0.080497	-4.683156
-2.780269	2.107483	0.000000	0.003457	-0.007587	-0.996806	0.079421	-4.685295
-2.780487	2.107451	0.000000	0.004092	-0.007724	-0.996778	0.079734	-4.684656
-2.780687	2.107422	0.000000	0.005306	-0.009016	-0.996643	0.081194	-4.681693
-2.780872	2.107395	0.000000	0.005036	-0.011579	-0.996541	0.082132	-4.679795
-2.781041	2.107371	0.000000	0.002613	-0.014790	-0.996240	0.085323	-4.673441
-2.781198	2.107348	0.000000	0.000463	-0.015720	-0.996225	0.085372	-4.673410
-2.813295	2.107525	0.000000	0.001599	-0.012368	-0.996192	0.086289	-4.671535
-2.842824	2.107687	0.000000	0.004583	-0.008686	-0.995904	0.089886	-4.664263
-2.870095	2.090950	0.000000	0.007465	-0.005088	-0.995911	0.089885	-4.664254
-2.895185	2.075551	0.000000	0.004211	-0.009817	-0.995797	0.090968	-4.662090
-2.918267	2.061384	0.000000	0.004671	-0.007385	-0.995883	0.090226	-4.663589
-2.939503	2.048351	0.000000	0.000702	-0.006027	-0.995987	0.089285	-4.665541
-2.959040	2.036360	0.000000	0.000750	-0.004450	-0.996181	0.087198	-4.669732
-2.977014	2.025328	0.000000	-0.002163	-0.002981	-0.996138	0.087726	-4.668689
-2.993550	2.015179	0.000000	-0.000778	-0.001888	-0.995951	0.089869	-4.664378
-3.008763	2.005842	0.000000	-0.000661	-0.003007	-0.995815	0.091339	-4.661428
-3.022759	1.997252	0.000000	-0.000122	-0.002049	-0.995755	0.092018	-4.660059
-3.035635	1.989349	0.000000	0.000329	-0.001714	-0.995775	0.091807	-4.660480
-3.047482	1.982079	0.000000	-0.001118	-0.005896	-0.995677	0.092689	-4.658727
-3.058485	1.958502	0.000000	-0.001881	-0.007319	-0.995568	0.093738	-4.656634
-3.068608	1.936812	0.000000	-0.004627	-0.006818	-0.995428	0.095155	-4.653817
-3.077920	1.916857	0.000000	-0.008576	-0.006493	-0.995212	0.097147	-4.649845
-3.118442	1.898696	0.000000	-0.007901	-0.010635	-0.994940	0.099591	-4.644999
-3.155721	1.881988	0.000000	-0.009184	-0.010291	-0.994916	0.099758	-4.644676
-3.190018	1.866616	0.000000	-0.009696	-0.008224	-0.994852	0.100540	-4.643069
-3.221572	1.852474	0.000000	-0.008781	-0.006031	-0.994793	0.101360	-4.641371
-3.250601	1.839464	0.000000	-0.010154	-0.007015	-0.994750	0.101588	-4.640942
-3.277308	1.827494	0.000000	-0.012269	-0.007944	-0.994719	0.101588	-4.640979
-3.301878	1.816482	0.000000	-0.012034	-0.010515	-0.994521	0.103301	-4.637597
-3.324482	1.806351	0.000000	-0.011207	-0.009630	-0.994187	0.106648	-4.630833
-3.345279	1.797031	0.000000	-0.008330	-0.008138	-0.994379	0.105236	-4.633610
-3.364411	1.788456	0.000000	-0.001477	-0.010216	-0.993933	0.109504	-4.624947
-3.382118	1.763680	0.000000	0.001361	-0.011291	-0.993512	0.113157	-4.617539
-3.398407	1.740885	0.000000	0.004797	-0.009555	-0.993766	0.110970	-4.621869
-3.413394	1.719915	0.000000	0.007846	-0.009626	-0.993466	0.113452	-4.616803
-3.427182	1.700622	0.000000	0.005961	-0.010792	-0.993232	0.115491	-4.612732
-3.439866	1.682872	0.000000	0.001081	-0.011709	-0.993360	0.114442	-4.614958
-3.483490	1.666740	0.000000	0.001634	-0.008271	-0.993650	0.112197	-4.619468
-3.523623	1.651899	0.000000	-0.001049	-0.007466	-0.993790	0.111017	-4.621883
-3.560546	1.638245	0.000000	0.003195	-0.008944	-0.993362	0.114634	-4.614533
-3.594515	1.625683	0.000000	0.004537	-0.009080	-0.993139	0.116496	-4.610755
-3.625766	1.614126	0.000000	0.002421	-0.010967	-0.993248	0.115462	-4.612875
-3.654517	1.603494	0.000000	0.000560	-0.010328	-0.993524	0.113149	-4.617572
-3.681073	1.576825	0.000000	-0.001516	-0.009397	-0.993588	0.112662	-4.618588
-3.705504	1.552289	0.000000	-0.001707	-0.006944	-0.993376	0.114687	-4.614502
-3.727981	1.529716	0.000000	-0.002878	-0.008151	-0.993376	0.114582	-4.614737
-3.748659	1.508950	0.000000	-0.004478	-0.008203	-0.993498	0.113467	-4.617003
-3.767683	1.489844	0.000000	-0.006688	-0.006284	-0.993448	0.113916	-4.616099
-3.785186	1.472267	0.000000	-0.006970	-0.005332	-0.993473	0.113728	-4.616465
-3.801288	1.456096	0.000000	-0.008359	-0.005708	-0.993441	0.113901	-4.616130
-3.816102	1.441219	0.000000	-0.011657	-0.005049	-0.993629	0.111983	-4.619990
-3.829730	1.427532	0.000000	-0.011881	-0.007559	-0.993531	0.112685	-4.618640
-3.842373	1.398053	0.000000	-0.011825	-0.008639	-0.993362	0.114091	-4.615834
-3.885958	1.371129	0.000000	-0.009932	-0.008277	-0.993619	0.112050	-4.619918
-3.926056	1.346359	0.000000	-0.006963	-0.006280	-0.993688	0.111784	-4.620392
-3.962946	1.323571	0.000000	-0.004831	-0.006237	-0.993644	0.112297	-4.619342
-3.996885	1.302606	0.000000	-0.005451	-0.006428	-0.993708	0.111681	-4.620588
-4.028109	1.283319	0.000000	-0.003395	-0.006335	-0.993774	0.111178	-4.621581
-4.056835	1.265574	0.000000	-0.001985	-0.008261	-0.993623	0.112428	-4.619062
-4.083263	1.249249	0.000000	-0.001337	-0.009243	-0.993545	0.113049	-4.617805
-4.107576	1.234230	0.000000	-0.000034	-0.008841	-0.993743	0.111343	-4.621215
-4.130049	1.203525	0.000000	0.002355	-0.008336	-0.993581	0.112788	-4.618265
-4.150724	1.175276	0.000000	0.006212	-0.009743	-0.993538	0.112914	-4.617924
-4.169745	1.149287	0.000000	0.009764	-0.011559	-0.993509	0.112743	-4.618150
-4.187245	1.125378	0.000000	0.009973	-0.012865	-0.993406	0.113485	-4.616630
-4.203344	1.103381	0.000000	0.007553	-0.012621	-0.993359	0.114111	-4.615448
-4.218156	1.083144	0.000000	0.006436	-0.012082	-0.993414	0.113762	-4.616189
-4.231782	1.064526	0.000000	0.006219	-0.011143	-0.993453	0.113527	-4.616676
-4.244319	1.047397	0.000000	0.007006	-0.012615	-0.993217	0.115378	-4.612912
-4.287806	1.031836	0.000000	0.008048	-0.014022	-0.993258	0.114790	-4.614049
-4.327813	1.017520	0.000000	0.006461	-0.012779	-0.993258	0.115032	-4.613623
-4.364725	0.987463	0.000000	0.005845	-0.012745	-0.993020	0.117112	-4.609454
-4.398684	0.959809	0.000000	0.007060	-0.014863	-0.992787	0.118759	-4.606079
-4.429926	0.934368	0.000000	0.010246	-0.015820	-0.992884	0.117582	-4.608323
-4.458668	0.910962	0.000000	0.006401	-0.018014	-0.992800	0.118245	-4.607108
-4.485112	0.889429	0.000000	0.009507	-0.017889	-0.992896	0.117248	-4.608994
-4.509440	0.869618	0.000000	0.009353	-0.019380	-0.992785	0.117965	-4.607534
-4.531821	0.851393	0.000000	0.010221	-0.020234	-0.992465	0.120415	-4.602548
-4.552412	0.834625	0.000000	0.010962	-0.017178	-0.992840	0.117699	-4.608035
-4.571356	0.819199	0.000000	0.010393	-0.011570	-0.993227	0.115148	-4.613291
-4.588784	0.805006	0.000000	0.011476	-0.010639	-0.992951	0.117486	-4.608569
-4.604922	0.775062	0.000000	0.010908	-0.012306	-0.992765	0.118939	-4.605626
-4.619770	0.747514	0.000000	0.008299	-0.014020	-0.993069	0.116399	-4.610801
-4.633429	0.722169	0.000000	0.004975	-0.017231	-0.993169	0.115300	-4.613099
-4.677949	0.699049	0.000000	0.003939	-0.018544	-0.992738	0.118792	-4.606101
-4.718908	0.677779	0.000000	0.009545	-0.011669	-0.992547	0.120928	-4.601673
-4.756590	0.658211	0.000000	0.008187	-0.009419	-0.992748	0.119562	-4.604495
-4.791257	0.640208	0.000000	0.011414	-0.004301	-0.992961	0.117807	-4.608053
-4.823151	0.623645	0.000000	0.011222	-0.005197	-0.992639	0.120482	-4.602650
-4.852597	0.591520	0.000000	0.007605	-0.009025	-0.992552	0.121247	-4.601117
-4.879689	0.561965	0.000000	0.003417	-0.012469	-0.992656	0.120276	-4.603151
-4.904612	0.534775	0.000000	-0.002920	-0.013779	-0.992511	0.121337	-4.601179
-4.927542	0.509759	0.000000	-0.003238	-0.011582	-0.992679	0.120181	-4.603495
-4.948638	0.486745	0.000000	-0.009387	-0.006556	-0.992616	0.120756	-4.602344
-4.968045	0.465572	0.000000	-0.008727	-0.005107	-0.992498	0.121841	-4.600127
-4.985901	0.446093	0.000000	-0.002376	-0.009387	-0.991919	0.126502	-4.590724
-5.002327	0.428172	0.000000	0.004543	-0.015533	-0.991943	0.125650	-4.592275
-5.017440	0.411685	0.000000	0.008854	-0.018361	-0.992166	0.123251	-4.596921
-5.031344	0.396517	0.000000	0.001560	-0.015588	-0.992011	0.125174	-4.593330
-5.076193	0.365872	0.000000	0.002406	-0.015273	-0.992289	0.122974	-4.597737
-5.117454	0.337680	0.000000	0.004051	-0.015490	-0.992512	0.121093	-4.601475
-5.155414	0.311742	0.000000	0.004746	-0.016724	-0.992216	0.123312	-4.596973
-5.190337	0.287880	0.000000	0.005606	-0.020651	-0.992167	0.123072	-4.597400
-5.222467	0.265926	0.000000	0.009732	-0.024637	-0.992121	0.122453	-4.598406
-5.252026	0.245729	0.000000	0.010289	-0.022966	-0.992084	0.123031	-4.597233
-5.279220	0.227147	0.000000	0.007905	-0.021082	-0.992160	0.122926	-4.597586
-5.304239	0.210053	0.000000	0.004542	-0.023813	-0.992138	0.122781	-4.598022
-5.327257	0.194325	0.000000	0.007270	-0.023091	-0.992034	0.123618	-4.596204
-5.348537	0.162969	0.000000	0.010864	-0.024026	-0.991790	0.125127	-4.592964
-5.368115	0.134121	0.000000	0.015015	-0.024267	-0.991806	0.124526	-4.593936
-5.386127	0.107581	0.000000	0.015198	-0.023705	-0.992104	0.122213	-4.598601
-5.402697	0.083164	0.000000	0.014433	-0.020628	-0.992608	0.118724	-4.605741
-5.417942	0.060700	0.000000	0.018712	-0.016775	-0.992693	0.118021	-4.607059
-5.431968	0.040034	0.000000	0.019534	-0.015772	-0.992866	0.116565	-4.609990
-5.444871	0.021021	0.000000	0.017539	-0.015640	-0.993308	0.113082	-4.617094
-5.456743	0.003529	0.000000	0.016632	-0.015031	-0.993191	0.114323	-4.614651
-5.467664	-0.012564	0.000000	0.015119	-0.014341	-0.992988	0.116364	-4.610621
-5.477816	-0.044257	0.000000	0.013927	-0.014229	-0.993153	0.115109	-4.613196
-5.487156	-0.073414	0.000000	0.013557	-0.014759	-0.993142	0.115188	-4.613038
-5.527702	-0.100041	0.000000	0.013611	-0.015459	-0.992839	0.117672	-4.608018
-5.565005	-0.124538	0.000000	0.013752	-0.015694	-0.993090	0.115482	-4.612416
-5.599323	-0.147075	0.000000	0.013675	-0.015673	-0.993524	0.111702	-4.620031
-5.630896	-0.167809	0.000000	0.014045	-0.015428	-0.993713	0.109995	-4.623457
-5.659943	-0.186884	0.000000	0.013941	-0.015406	-0.993716	0.109987	-4.623478
-5.686666	-0.204434	0.000000	0.013399	-0.015682	-0.993224	0.114370	-4.614669
-5.711251	-0.220579	0.000000	0.012631	-0.016094	-0.992684	0.118993	-4.605383
-5.733870	-0.235433	0.000000	0.012669	-0.016271	-0.992492	0.120562	-4.602216
-5.754679	-0.249099	0.000000	0.012410	-0.016218	-0.992618	0.119548	-4.604269
-5.773823	-0.261671	0.000000	0.012263	-0.016224	-0.992494	0.120591	-4.602176
-5.791436	-0.273237	0.000000	0.012097	-0.016224	-0.991738	0.126674	-4.589922
-5.807639	-0.283879	0.000000	0.011134	-0.016449	-0.990807	0.133820	-4.575542
-5.822547	-0.293668	0.000000	0.010909	-0.015489	-0.990135	0.138830	-4.565454
-5.836262	-0.302675	0.000000	0.011049	-0.015455	-0.988710	0.148634	-4.545636
-5.848879	-0.310961	0.000000	0.009355	-0.017903	-0.986100	0.164919	-4.512693
-5.860488	-0.318585	0.000000	0.008187	-0.018949	-0.982720	0.183943	-4.474100
-5.871167	-0.325598	0.000000	0.008735	-0.018869	-0.980147	0.197180	-4.447111
-5.880992	-0.332050	0.000000	0.010369	-0.019628	-0.978035	0.207254	-4.426457
-5.890032	-0.337986	0.000000	0.010883	-0.019329	-0.975791	0.217575	-4.405314
-5.898348	-0.343448	0.000000	0.011197	-0.021572	-0.972843	0.230187	-4.379395
-5.905998	-0.348472	0.000000	0.012417	-0.022095	-0.969668	0.243109	-4.352729
-5.913037	-0.353094	0.000000	0.011148	-0.023851	-0.966823	0.254088	-4.330119
-5.919513	-0.357347	0.000000	0.013269	-0.020144	-0.963317	0.267280	-4.302715
-5.925470	-0.361259	0.000000	0.013649	-0.020969	-0.961768	0.272718	-4.291389
-5.930951	-0.364859	0.000000	0.013696	-0.021375	-0.958617	0.283564	-4.268802
-5.935994	-0.368170	0.000000	0.014042	-0.020230	-0.954689	0.296585	-4.241590
-5.940633	-0.371217	0.000000	0.014761	-0.019023	-0.952702	0.302949	-4.228225
-5.944901	-0.374020	0.000000	0.015489	-0.018212	-0.949802	0.311937	-4.209304
-5.948827	-0.376598	0.000000	0.014458	-0.019669	-0.946234	0.322562	-4.186941
-5.952440	-0.378971	0.000000	0.014714	-0.018945	-0.941878	0.335099	-4.160387
-5.955763	-0.381153	0.000000	0.013751	-0.015451	-0.936551	0.349921	-4.128933
-5.958821	-0.383161	0.000000	0.009891	-0.016185	-0.930947	0.364662	-4.097550
-5.961634	-0.385008	0.000000	0.007812	-0.015069	-0.926748	0.375299	-4.074745
-5.964221	-0.386708	0.000000	0.006184	-0.014514	-0.924229	0.381512	-4.061384
-5.966602	-0.388271	0.000000	0.004953	-0.013699	-0.922718	0.385201	-4.053437
-5.968793	-0.389710	0.000000	0.004472	-0.012294	-0.920728	0.389986	-4.043067
-5.970808	-0.391033	0.000000	0.003920	-0.012438	-0.915623	0.401825	-4.017298
-5.972662	-0.392251	0.000000	0.003811	-0.013823	-0.910123	0.414089	-3.990442
-5.974368	-0.393371	0.000000	0.003952	-0.014680	-0.904617	0.425954	-3.964293
-5.975937	-0.394401	0.000000	0.004055	-0.015102	-0.898536	0.438621	-3.936200
-5.977380	-0.395349	0.000000	0.003889	-0.015113	-0.891504	0.452745	-3.904652
-5.978709	-0.396222	0.000000	0.004604	-0.015530	-0.883479	0.468190	-3.869836
-5.979930	-0.397024	0.000000	0.005705	-0.015685	-0.874086	0.485484	-3.830453
-5.981055	-0.397762	0.000000	0.006818	-0.015181	-0.863353	0.504326	-3.787048
-5.982089	-0.398441	0.000000	0.007513	-0.014339	-0.851805	0.523609	-3.742067
-5.983040	-0.399066	0.000000	0.007167	-0.014896	-0.842721	0.538096	-3.707893
-5.983916	-0.399641	0.000000	0.006794	-0.015876	-0.836027	0.548416	-3.683325
-5.984721	-0.400170	0.000000	0.006154	-0.016662	-0.828950	0.559041	-3.657830
-5.985462	-0.400657	0.000000	0.006653	-0.015989	-0.819307	0.573093	-3.623721
-5.986144	-0.401104	0.000000	0.006376	-0.015001	-0.809971	0.586243	-3.591452
-5.986771	-0.401516	0.000000	0.005624	-0.015104	-0.803612	0.594935	-3.569932
-5.987348	-0.401895	0.000000	0.005568	-0.013591	-0.800066	0.599732	-3.557966
-5.987878	-0.402243	0.000000	0.004098	-0.014916	-0.799044	0.601073	-3.554653
-5.988367	-0.402564	0.000000	0.002751	-0.015900	-0.790208	0.612627	-3.525609
-5.988816	-0.402859	0.000000	0.002033	-0.015242	-0.783538	0.621154	-3.503948
-5.989229	-0.403131	0.000000	0.001626	-0.015066	-0.776686	0.629706	-3.482028
-5.989609	-0.403380	0.000000	0.001199	-0.014906	-0.769172	0.638867	-3.458331
-5.989959	-0.403610	0.000000	0.000655	-0.015018	-0.761411	0.648095	-3.434221
-5.990281	-0.403821	0.000000	0.000863	-0.014941	-0.755017	0.655534	-3.414598
-5.990577	-0.404016	0.000000	0.000489	-0.014871	-0.749969	0.661305	-3.399262
-5.990850	-0.404195	0.000000	-0.000200	-0.014830	-0.743089	0.669028	-3.378576
-5.991100	-0.404359	0.000000	-0.000418	-0.014885	-0.735945	0.676878	-3.357347
-5.991331	-0.404511	0.000000	-0.000619	-0.014797	-0.728969	0.684387	-3.336844
-5.991543	-0.404650	0.000000	-0.000810	-0.014162	-0.723119	0.690578	-3.319787
-5.991738	-0.404778	0.000000	-0.000611	-0.014144	-0.718750	0.695124	-3.307175
-5.991918	-0.404896	0.000000	-0.000739	-0.013963	-0.714235	0.699766	-3.294218
-5.992083	-0.405005	0.000000	-0.001002	-0.013529	-0.709528	0.704547	-3.280786
-5.992235	-0.405104	0.000000	-0.000392	-0.013853	-0.705680	0.708395	-3.269910
-5.992375	-0.405196	0.000000	-0.000810	-0.014418	-0.702646	0.711393	-3.261394
-5.992503	-0.405281	0.000000	-0.000380	-0.014560	-0.698554	0.715409	-3.249930
-5.992622	-0.405358	0.000000	-0.000779	-0.015143	-0.694657	0.719181	-3.239098
-5.992730	-0.405430	0.000000	-0.000860	-0.015709	-0.689727	0.723898	-3.225468
-5.992831	-0.405496	0.000000	-0.001051	-0.015987	-0.686541	0.726914	-3.216699
-5.992923	-0.405556	0.000000	-0.001408	-0.016176	-0.683147	0.730100	-3.207393
-5.993007	-0.405612	0.000000	-0.001413	-0.016897	-0.678564	0.734345	-3.194920
-5.993085	-0.405663	0.000000	-0.001584	-0.017071	-0.674817	0.737786	-3.184748
-5.993157	-0.405710	0.000000	-0.001729	-0.017521	-0.671233	0.741037	-3.175081
-5.993223	-0.405754	0.000000	-0.001410	-0.017900	-0.666982	0.744857	-3.163665
-5.993284	-0.405793	0.000000	-0.002005	-0.018056	-0.663410	0.748035	-3.154100
-5.961387	-0.406028	0.000000	-0.001063	-0.018430	-0.660599	0.750512	-3.146627
-5.932041	-0.406243	0.000000	0.000467	-0.019097	-0.660164	0.750879	-3.145521
-5.905043	-0.406441	0.000000	0.003375	-0.019033	-0.660699	0.750402	-3.146956
-5.880205	-0.406624	0.000000	0.005616	-0.018630	-0.659873	0.751125	-3.144735
-5.857354	-0.406792	0.000000	0.007292	-0.017789	-0.657765	0.752977	-3.139077
-5.836331	-0.406946	0.000000	0.006632	-0.017034	-0.653911	0.756350	-3.128813
-5.848943	-0.406890	0.000000	0.007312	-0.016264	-0.649315	0.760310	-3.116646
-5.860546	-0.406839	0.000000	0.007531	-0.015617	-0.645868	0.763252	-3.107561
-5.871221	-0.406792	0.000000	0.007962	-0.015008	-0.640599	0.767688	-3.093760
-5.881042	-0.406749	0.000000	0.008655	-0.014078	-0.635411	0.771997	-3.080235
-5.890077	-0.406709	0.000000	0.008785	-0.013624	-0.630066	0.776372	-3.066409
-5.898389	-0.406673	0.000000	0.009058	-0.012974	-0.623109	0.781975	-3.048520
-5.906037	-0.406639	0.000000	0.008845	-0.012411	-0.618573	0.785579	-3.036922
-5.913073	-0.406608	0.000000	0.009188	-0.011847	-0.614107	0.789081	-3.025552
-5.919545	-0.406580	0.000000	0.009523	-0.011624	-0.611537	0.791073	-3.019040
-5.925500	-0.406553	0.000000	0.009903	-0.011518	-0.609640	0.792533	-3.014243
-5.930979	-0.406529	0.000000	0.009885	-0.011558	-0.608511	0.793400	-3.011399
-5.936019	-0.406507	0.000000	0.009938	-0.011591	-0.608225	0.793618	-3.010681
-5.940656	-0.406487	0.000000	0.010025	-0.011498	-0.608401	0.793483	-3.011119
-5.944922	-0.406468	0.000000	0.009992	-0.011514	-0.608404	0.793481	-3.011127
-5.948847	-0.406451	0.000000	0.009779	-0.011639	-0.608580	0.793347	-3.011576
-5.952458	-0.406435	0.000000	0.009527	-0.011893	-0.609003	0.793021	-3.012655
-5.923827	-0.406618	0.000000	0.009174	-0.012210	-0.609189	0.792878	-3.013137
-5.897486	-0.406786	0.000000	0.008670	-0.012626	-0.609509	0.792631	-3.013963
-5.873252	-0.406941	0.000000	0.008110	-0.013272	-0.609431	0.792686	-3.013796
-5.850957	-0.407083	0.000000	0.007527	-0.014330	-0.609440	0.792667	-3.013872
-5.830446	-0.407214	0.000000	0.006824	-0.015302	-0.608800	0.793146	-3.012308
-5.811576	-0.407335	0.000000	0.006112	-0.016109	-0.608652	0.793251	-3.011976
-5.794215	-0.407446	0.000000	0.005796	-0.017177	-0.608569	0.793294	-3.011830
-5.778243	-0.407548	0.000000	0.005012	-0.018497	-0.608680	0.793184	-3.012190
-5.763549	-0.407642	0.000000	0.003375	-0.020145	-0.609028	0.792886	-3.013168
-5.750030	-0.407728	0.000000	0.001365	-0.021383	-0.607823	0.793783	-3.010202
-5.737593	-0.407808	0.000000	0.001605	-0.021367	-0.608047	0.793611	-3.010768
-5.726151	-0.407881	0.000000	0.001758	-0.021373	-0.608557	0.793220	-3.012055
-5.715624	-0.407948	0.000000	-0.001289	-0.020294	-0.609600	0.792448	-3.014577
-5.705940	-0.408010	0.000000	-0.002330	-0.019863	-0.607506	0.794063	-3.009254
-5.697030	-0.408067	0.000000	-0.001363	-0.017881	-0.599837	0.799921	-2.989890
-5.688833	-0.408119	0.000000	0.000686	-0.015589	-0.587598	0.809002	-2.959350
-5.681291	-0.408167	0.000000	0.002560	-0.021148	-0.580216	0.814184	-2.941525
-5.674353	-0.408212	0.000000	0.002678	-0.025079	-0.578470	0.815313	-2.937550
-5.668075	-0.425140	0.000000	0.000118	-0.028859	-0.580890	0.813470	-2.943792
-5.662194	-0.423826	0.000000	-0.006315	-0.027855	-0.582601	0.812256	-2.947783
-5.656888	-0.439505	0.000000	-0.004172	-0.021980	-0.580060	0.814266	-2.941105
-5.652007	-0.453930	0.000000	-0.003969	-0.020447	-0.577654	0.816016	-2.935099
-5.647516	-0.467200	0.000000	-0.002614	-0.015657	-0.578068	0.815834	-2.935856
-5.643384	-0.479409	0.000000	-0.005686	-0.014243	-0.579074	0.815131	-2.938221
-5.639583	-0.490641	0.000000	-0.002587	-0.010514	-0.574398	0.818505	-2.926660
-5.636086	-0.500975	0.000000	-0.001409	-0.011817	-0.571842	0.820277	-2.920479
-5.632869	-0.510482	0.000000	0.000528	-0.014040	-0.572839	0.819547	-2.923022
-5.597956	-0.519426	0.000000	0.001790	-0.012702	-0.574774	0.818212	-2.927697
-5.565940	-0.544542	0.000000	0.002448	-0.013737	-0.573984	0.818748	-2.925818
-5.536486	-0.567648	0.000000	0.006452	-0.008947	-0.570787	0.821024	-2.917852
-5.509388	-0.588906	0.000000	0.007179	-0.005392	-0.572338	0.819968	-2.921532
-5.484458	-0.608464	0.000000	0.007785	-0.002922	-0.571286	0.820709	-2.918921
-5.461522	-0.626456	0.000000	0.005442	-0.006130	-0.572017	0.820200	-2.920767
-5.440421	-0.643010	0.000000	0.003404	-0.007868	-0.572125	0.820122	-2.921067
-5.421008	-0.658239	0.000000	0.002406	-0.007303	-0.570646	0.821160	-2.917445
-5.403148	-0.672249	0.000000	0.002170	-0.007415	-0.572325	0.819990	-2.921539
-5.386717	-0.685139	0.000000	0.000757	0.000141	-0.573852	0.818958	-2.925166
-5.371705	-0.713885	0.000000	-0.000180	-0.002542	-0.573686	0.819071	-2.924772
-5.357894	-0.740332	0.000000	0.001242	0.000946	-0.572705	0.819760	-2.922367
-5.345188	-0.764662	0.000000	0.001120	0.006685	-0.571086	0.820862	-2.918485
-5.333498	-0.787046	0.000000	-0.002343	0.011034	-0.572424	0.819880	-2.921896
-5.290790	-0.807837	0.000000	-0.003647	0.011881	-0.573158	0.819351	-2.923728
-5.251499	-0.826965	0.000000	-0.002163	0.004009	-0.572665	0.819777	-2.922299
-5.215351	-0.844562	0.000000	-0.000560	0.000120	-0.572014	0.820244	-2.920680
-5.182094	-0.860752	0.000000	0.002299	0.000493	-0.570597	0.821227	-2.917226
-5.151499	-0.875647	0.000000	0.001859	0.000977	-0.569814	0.821771	-2.915321
-5.123351	-0.889349	0.000000	-0.003357	0.000755	-0.570165	0.821523	-2.916176
-5.097559	-0.918843	0.000000	-0.002007	0.002109	-0.571075	0.820893	-2.918402
-5.073831	-0.945978	0.000000	0.000583	-0.000129	-0.569272	0.822149	-2.914002
-5.052001	-0.970942	0.000000	0.003627	-0.000716	-0.567590	0.823303	-2.909912
-5.031917	-0.993908	0.000000	0.002338	-0.002766	-0.569356	0.822083	-2.914224
-5.013440	-1.015038	0.000000	0.002240	-0.003618	-0.569678	0.821857	-2.915016
-4.996441	-1.034476	0.000000	0.001911	-0.003489	-0.569075	0.822276	-2.913548
-4.980802	-1.052360	0.000000	0.003187	-0.001298	-0.571402	0.820663	-2.919193
-4.934461	-1.069011	0.000000	0.001613	-0.003343	-0.572294	0.820040	-2.921385
-4.891931	-1.101217	0.000000	0.005167	-0.004859	-0.570420	0.821322	-2.916847
-4.852804	-1.130846	0.000000	0.007383	-0.002685	-0.570910	0.820975	-2.918003
-4.816807	-1.158105	0.000000	0.007435	0.000870	-0.573306	0.819307	-2.923815
-4.783690	-1.183184	0.000000	0.009178	0.004866	-0.572089	0.820126	-2.920850
-4.753222	-1.206256	0.000000	0.008140	0.005321	-0.572150	0.820091	-2.921014
-4.725192	-1.227482	0.000000	0.007478	0.010090	-0.574791	0.818204	-2.927563
-4.699404	-1.247010	0.000000	0.006670	0.014964	-0.574629	0.818250	-2.927353
-4.675679	-1.264976	0.000000	0.004589	0.011474	-0.574371	0.818502	-2.926608
-4.653957	-1.298392	0.000000	0.005269	0.008974	-0.574502	0.818437	-2.926848
-4.633972	-1.329135	0.000000	0.003895	0.003261	-0.573072	0.819489	-2.923267
-4.615586	-1.357418	0.000000	0.003144	0.002586	-0.573683	0.819067	-2.924756
-4.598671	-1.383439	0.000000	0.004690	0.005568	-0.575141	0.818022	-2.928343
-4.551156	-1.407575	0.000000	0.006887	0.006795	-0.575460	0.817773	-2.929127
-4.507442	-1.429781	0.000000	0.009291	0.005306	-0.575596	0.817664	-2.929420
-4.467225	-1.450210	0.000000	0.009762	0.002408	-0.575573	0.817689	-2.929342
-4.430226	-1.469005	0.000000	0.009983	0.004618	-0.576154	0.817267	-2.930774
-4.396186	-1.486296	0.000000	0.008879	0.004152	-0.576524	0.817021	-2.931685
-4.364974	-1.519091	0.000000	0.012107	0.003828	-0.576407	0.817064	-2.931371
-4.336259	-1.549263	0.000000	0.009753	0.001753	-0.575810	0.817524	-2.929922
-4.309841	-1.577021	0.000000	0.003662	0.000063	-0.576324	0.817213	-2.931206
-4.285537	-1.602558	0.000000	0.001113	-0.000183	-0.577813	0.816168	-2.934856
-4.263177	-1.626052	0.000000	0.001677	-0.000238	-0.578609	0.815603	-2.936807
-4.242606	-1.647667	0.000000	0.008317	0.000108	-0.576966	0.816726	-2.932763
-4.223680	-1.667553	0.000000	0.012121	-0.000484	-0.577058	0.816613	-2.932975
-4.206269	-1.685847	0.000000	0.011018	-0.002438	-0.577320	0.816440	-2.933647
-4.190250	-1.702678	0.000000	0.008920	-0.001492	-0.577748	0.816165	-2.934691
-4.175618	-1.735050	0.000000	0.008214	0.003555	-0.577534	0.816317	-2.934157
-4.162156	-1.764832	0.000000	0.005179	-0.001528	-0.578014	0.816009	-2.935352
-4.117817	-1.792430	0.000000	0.003733	-0.005688	-0.578335	0.815771	-2.936199
-4.077026	-1.817819	0.000000	0.005889	-0.006407	-0.578361	0.815734	-2.936284
-4.039498	-1.841177	0.000000	0.010220	-0.004708	-0.577254	0.816487	-2.933530
-4.004972	-1.862667	0.000000	0.010625	-0.002615	-0.580027	0.814523	-2.940289
-3.973208	-1.882437	0.000000	0.008695	-0.000851	-0.581054	0.813818	-2.942797
-3.943986	-1.900626	0.000000	0.007273	0.001156	-0.579865	0.814679	-2.939872
-3.917205	-1.934247	0.000000	0.006010	0.003181	-0.578345	0.815764	-2.936156
-3.892567	-1.965178	0.000000	0.005014	0.004391	-0.577491	0.816370	-2.934078
-3.869900	-1.993635	0.000000	0.007517	0.000666	-0.576479	0.817077	-2.931574
-3.849047	-2.019815	0.000000	0.009436	-0.003203	-0.575601	0.817670	-2.929456
-3.829862	-2.043901	0.000000	0.008289	-0.005451	-0.576230	0.817227	-2.931042
-3.812211	-2.066060	0.000000	0.008506	0.001052	-0.577092	0.816634	-2.933068
-3.795973	-2.086446	0.000000	0.010751	0.003399	-0.575610	0.817647	-2.929429
-3.781138	-2.122089	0.000000	0.010223	0.000467	-0.575840	0.817498	-2.929997
-3.767490	-2.154880	0.000000	0.009657	-0.001588	-0.574455	0.818478	-2.926631
-3.722980	-2.185245	0.000000	0.008050	-0.000458	-0.575394	0.817837	-2.928921
-3.682031	-2.213182	0.000000	0.010409	0.001804	-0.574761	0.818253	-2.927352
-3.644358	-2.238883	0.000000	0.011269	0.003649	-0.573485	0.819130	-2.924233
-3.609699	-2.262528	0.000000	0.012705	0.003853	-0.573451	0.819132	-2.924140
-3.577813	-2.284282	0.000000	0.009495	-0.000520	-0.572361	0.819947	-2.921509
-3.548477	-2.304295	0.000000	0.010213	0.000377	-0.573170	0.819373	-2.923473
-3.521593	-2.339595	0.000000	0.012237	-0.003599	-0.572085	0.820095	-2.920870
-3.496860	-2.372070	0.000000	0.014676	-0.004809	-0.573661	0.818947	-2.924734
-3.474105	-2.401948	0.000000	0.016772	-0.007240	-0.575924	0.817299	-2.930331
-3.453170	-2.429435	0.000000	0.016996	-0.009671	-0.575776	0.817374	-2.930063
-3.433911	-2.454723	0.000000	0.014177	-0.008795	-0.578000	0.815866	-2.935478
-3.416192	-2.477989	0.000000	0.013535	-0.002387	-0.577357	0.816376	-2.933726
-3.399891	-2.499393	0.000000	0.013470	-0.000820	-0.574156	0.818635	-2.925874
-3.384893	-2.519085	0.000000	0.014224	-0.005506	-0.573988	0.818722	-2.925552
-3.371096	-2.537201	0.000000	0.010647	-0.011926	-0.577001	0.816587	-2.933158
-3.326553	-2.570953	0.000000	0.009658	-0.013143	-0.576626	0.816845	-2.932297
-3.285574	-2.602005	0.000000	0.009323	-0.011438	-0.574327	0.818493	-2.926592
-3.247873	-2.630572	0.000000	0.007656	-0.008785	-0.577873	0.816043	-2.935162
-3.213188	-2.656854	0.000000	0.003973	-0.008148	-0.580955	0.813885	-2.942693
-3.181278	-2.681034	0.000000	0.004176	-0.006078	-0.580231	0.814419	-2.940860
-3.151921	-2.703279	0.000000	0.005774	-0.003068	-0.578933	0.815349	-2.937620
-3.124913	-2.723745	0.000000	0.007744	0.001261	-0.579792	0.814727	-2.939692
-3.100065	-2.742573	0.000000	0.013395	0.012037	-0.581104	0.813630	-2.943026
-3.077205	-2.759895	0.000000	0.013232	0.011921	-0.581812	0.813128	-2.944766
-3.056278	-2.792719	0.000000	0.011236	0.003313	-0.582079	0.813048	-2.945294
-3.037025	-2.822917	0.000000	0.010719	0.001278	-0.581415	0.813535	-2.943664
-3.019313	-2.850699	0.000000	0.010193	0.008870	-0.585189	0.810784	-2.953040
-3.003017	-2.876258	0.000000	0.011367	0.009865	-0.583615	0.811891	-2.949171
-2.988025	-2.899773	0.000000	0.012699	0.009640	-0.581093	0.813681	-2.942942
-2.942279	-2.921604	0.000000	0.010123	0.007507	-0.584894	0.811011	-2.952284
-2.900193	-2.941688	0.000000	0.010323	0.007975	-0.583786	0.811802	-2.949560
-2.861474	-2.960166	0.000000	0.010535	0.004335	-0.581274	0.813628	-2.943325
-2.825957	-2.994053	0.000000	0.008603	-0.001878	-0.584923	0.811041	-2.952333
-2.793281	-3.025229	0.000000	0.004670	-0.005443	-0.585567	0.810592	-2.953981
-2.763219	-3.053911	0.000000	-0.000310	-0.008272	-0.584976	0.811008	-2.952576
-2.735562	-3.080298	0.000000	-0.002335	-0.010196	-0.584706	0.811178	-2.951954
-2.710118	-3.104574	0.000000	0.000538	-0.011240	-0.581753	0.813288	-2.944740
-2.686709	-3.126908	0.000000	0.002535	-0.010261	-0.580871	0.813927	-2.942549
-2.665173	-3.147456	0.000000	0.001878	-0.007061	-0.582928	0.812491	-2.947509
-2.645360	-3.166359	0.000000	0.001613	-0.007385	-0.582305	0.812935	-2.945983
-2.627131	-3.183751	0.000000	0.002597	-0.005874	-0.580948	0.813916	-2.942613
-2.610466	-3.216638	0.000000	0.000124	-0.009230	-0.580874	0.813941	-2.942508
-2.595134	-3.246895	0.000000	0.001140	-0.005291	-0.582246	0.812995	-2.945789
-2.581028	-3.274730	0.000000	0.002297	-0.004693	-0.581368	0.813624	-2.943622
-2.568051	-3.300339	0.000000	0.003956	-0.004049	-0.579946	0.814635	-2.940122
-2.524158	-3.324097	0.000000	0.007550	-0.001243	-0.579224	0.815133	-2.938310
-2.483778	-3.345954	0.000000	0.007996	0.000816	-0.580132	0.814483	-2.940527
-2.446627	-3.366063	0.000000	0.006595	0.001917	-0.581092	0.813809	-2.942891
-2.412449	-3.384563	0.000000	0.005629	0.006692	-0.581941	0.813184	-2.945033
-2.381004	-3.401583	0.000000	0.005721	0.009665	-0.581446	0.813507	-2.943884
-2.352180	-3.434128	0.000000	0.007612	0.009306	-0.578973	0.815258	-2.937782
-2.325662	-3.464070	0.000000	0.009244	0.007897	-0.579944	0.814566	-2.940118
-2.301265	-3.491617	0.000000	0.010097	0.005988	-0.582257	0.812920	-2.945762
-2.278820	-3.516960	0.000000	0.009143	0.005133	-0.580998	0.813838	-2.942664
-2.258171	-3.540275	0.000000	0.008554	0.004625	-0.581283	0.813644	-2.943364
-2.239173	-3.561726	0.000000	0.008870	0.004043	-0.580524	0.814185	-2.941491
-2.221695	-3.581460	0.000000	0.009352	0.003501	-0.578716	0.815468	-2.937046
-2.205616	-3.599615	0.000000	0.009411	0.003314	-0.578962	0.815293	-2.937650
-2.190823	-3.616318	0.000000	0.009222	0.003317	-0.578845	0.815379	-2.937363
-2.177213	-3.631685	0.000000	0.009147	0.003244	-0.579264	0.815082	-2.938392
-2.164692	-3.645822	0.000000	0.009024	0.003367	-0.579103	0.815197	-2.937999
-2.153173	-3.658829	0.000000	0.008815	0.003690	-0.576602	0.816969	-2.931872
-2.142575	-3.670795	0.000000	0.008279	0.003562	-0.575934	0.817446	-2.930240
-2.132825	-3.681804	0.000000	0.007800	0.003504	-0.572426	0.819911	-2.921673
-2.123855	-3.691931	0.000000	0.007157	0.003487	-0.571121	0.820828	-2.918493
-2.083650	-3.701447	0.000000	0.006849	0.004404	-0.572111	0.820136	-2.920917
-2.078614	-3.710003	0.000000	0.006619	0.005172	-0.567764	0.823148	-2.910345
-2.073981	-3.717875	0.000000	0.006473	0.005255	-0.564412	0.825451	-2.902214
-2.037765	-3.725315	0.000000	0.006327	0.004684	-0.558273	0.829620	-2.887371
-2.004447	-3.732160	0.000000	0.006118	0.004603	-0.550925	0.834519	-2.869709
-1.973794	-3.738457	0.000000	0.006195	0.004341	-0.543552	0.839341	-2.852086
-1.945593	-3.744250	0.000000	0.005915	0.004901	-0.532455	0.846423	-2.825760
-1.919649	-3.749580	0.000000	0.006045	0.002588	-0.522907	0.852364	-2.803264
-1.895780	-3.754483	0.000000	0.006248	0.001813	-0.514142	0.857680	-2.782759
-1.873820	-3.758994	0.000000	0.006544	0.002306	-0.505294	0.862919	-2.762189
-1.853617	-3.763144	0.000000	0.007871	0.000015	-0.496404	0.868056	-2.741648
-1.835031	-3.766963	0.000000	0.008561	-0.000354	-0.483196	0.875470	-2.711347
-1.817931	-3.770476	0.000000	0.008880	0.000075	-0.470546	0.882331	-2.682556
-1.802200	-3.773707	0.000000	0.008491	0.002098	-0.458273	0.888768	-2.654829
-1.787727	-3.776680	0.000000	0.008589	0.001372	-0.446785	0.894599	-2.629065
-1.774411	-3.779416	0.000000	0.009205	-0.002011	-0.436175	0.899812	-2.605452
-1.762161	-3.781932	0.000000	0.009185	-0.002047	-0.422045	0.906526	-2.574166
-1.750891	-3.784248	0.000000	0.009007	-0.002170	-0.411687	0.911278	-2.551380
-1.740523	-3.786378	0.000000	0.009346	-0.003791	-0.400538	0.916224	-2.527010
-1.730984	-3.788337	0.000000	0.008597	-0.003597	-0.389186	0.921112	-2.502295
-1.722208	-3.790140	0.000000	0.008463	-0.002428	-0.377503	0.925966	-2.476974
-1.714134	-3.791799	0.000000	0.009268	-0.004134	-0.362971	0.931745	-2.445721
-1.706706	-3.793324	0.000000	0.009629	-0.003067	-0.349072	0.937041	-2.415953
-1.699873	-3.794728	0.000000	0.009722	-0.001725	-0.333819	0.942585	-2.383469
-1.693586	-3.796020	0.000000	0.010072	-0.001394	-0.316121	0.948664	-2.346036
-1.687802	-3.797208	0.000000	0.010918	-0.002498	-0.296263	0.955041	-2.304337
-1.682480	-3.798301	0.000000	0.011836	-0.001801	-0.273989	0.961658	-2.257844
-1.677585	-3.799307	0.000000	0.011577	0.000444	-0.252000	0.967658	-2.212217
-1.673081	-3.800232	0.000000	0.011139	0.000504	-0.233452	0.972304	-2.173978
-1.668937	-3.801083	0.000000	0.011414	0.000558	-0.217762	0.975935	-2.141767
-1.665125	-3.801866	0.000000	0.011188	0.001172	-0.203874	0.978932	-2.113342
-1.661618	-3.802587	0.000000	0.010354	0.003111	-0.188165	0.982078	-2.081276
-1.658391	-3.803250	0.000000	0.009460	0.004828	-0.171755	0.985083	-2.047895
-1.655423	-3.803860	0.000000	0.009411	0.003594	-0.155617	0.987766	-2.015196
-1.652692	-3.804421	0.000000	0.009178	0.003533	-0.139947	0.990110	-1.983509
-1.650179	-3.804937	0.000000	0.008307	0.006056	-0.121302	0.992562	-1.945873
-1.647868	-3.805412	0.000000	0.007204	0.009005	-0.100590	0.994861	-1.904176
-1.645741	-3.805848	0.000000	0.006891	0.010007	-0.083028	0.996473	-1.868896
-1.643785	-3.806250	0.000000	0.006965	0.010184	-0.066945	0.997680	-1.836629
-1.641985	-3.806620	0.000000	0.006090	0.012284	-0.058439	0.998197	-1.819582
-1.640329	-3.806960	0.000000	0.007037	0.010725	-0.056927	0.998296	-1.816545
-1.638806	-3.807273	0.000000	0.010137	0.005670	-0.042354	0.999035	-1.787381
-1.637404	-3.807561	0.000000	0.009641	0.006567	-0.023810	0.999648	-1.750262
-1.636114	-3.807826	0.000000	0.007062	0.009601	-0.013812	0.999834	-1.730256
-1.634928	-3.808070	0.000000	0.007538	0.008384	-0.001705	0.999935	-1.706046
-1.633837	-3.808294	0.000000	0.009735	0.005470	0.012252	0.999863	-1.678152
-1.632833	-3.808500	0.000000	0.008439	0.007027	0.028828	0.999524	-1.644978
-1.631909	-3.808690	0.000000	0.005380	0.009795	0.047287	0.998819	-1.608035
-1.631059	-3.808865	0.000000	0.005345	0.008919	0.065337	0.997809	-1.571887
-1.630277	-3.809025	0.000000	0.005460	0.008446	0.082824	0.996513	-1.536818
-1.629558	-3.809173	0.000000	0.006042	0.008293	0.100405	0.994894	-1.501499
-1.628896	-3.809309	0.000000	0.007194	0.007508	0.118071	0.992951	-1.465949
-1.628287	-3.809434	0.000000	0.007220	0.007323	0.134116	0.990912	-1.433603
-1.627727	-3.809549	0.000000	0.008192	0.007211	0.152040	0.988314	-1.397372
-1.627212	-3.809655	0.000000	0.009400	0.005968	0.173293	0.984807	-1.354309
-1.626738	-3.809752	0.000000	0.010103	0.003567	0.193965	0.980950	-1.312303
-1.626302	-3.809842	0.000000	0.009659	0.001750	0.214218	0.976736	-1.270966
-1.625900	-3.809924	0.000000	0.008769	0.001638	0.233867	0.972227	-1.230644
-1.625531	-3.810000	0.000000	0.009247	0.001073	0.249557	0.968315	-1.198318
-1.625191	-3.810070	0.000000	0.009409	0.000620	0.263278	0.964674	-1.169936
-1.624879	-3.810134	0.000000	0.009310	0.000025	0.272424	0.962132	-1.150960
-1.624592	-3.810193	0.000000	0.008902	0.000005	0.278936	0.960268	-1.137411
-1.624327	-3.810248	0.000000	0.008690	0.000122	0.282325	0.959279	-1.130345
-1.624084	-3.810298	0.000000	0.008839	0.000143	0.282547	0.959213	-1.129883
-1.623860	-3.810344	0.000000	0.008788	-0.000003	0.282617	0.959192	-1.129738
-1.623654	-3.810386	0.000000	0.008761	0.000012	0.282601	0.959198	-1.129772
-1.623465	-3.810425	0.000000	0.008807	0.000010	0.283124	0.959043	-1.128681
-1.623290	-3.810461	0.000000	0.008785	-0.000051	0.283066	0.959060	-1.128804
-1.623130	-3.810494	0.000000	0.008847	-0.000017	0.283061	0.959061	-1.128814
-1.622982	-3.810524	0.000000	0.008845	-0.000052	0.283031	0.959070	-1.128876
-1.622847	-3.810552	0.000000	0.008817	-0.000104	0.283005	0.959078	-1.128932
-1.622722	-3.810577	0.000000	0.008820	-0.000079	0.283236	0.959010	-1.128449
-1.622607	-3.810601	0.000000	0.008862	-0.000086	0.282298	0.959286	-1.130406
-1.590548	-3.810820	0.000000	0.008969	0.000048	0.279277	0.960168	-1.136699
-1.561054	-3.811022	0.000000	0.008996	0.000460	0.275548	0.961245	-1.144455
-1.533919	-3.811208	0.000000	0.009070	0.000576	0.272253	0.962183	-1.151306
-1.540908	-3.811181	0.000000	0.009211	0.000800	0.271284	0.962455	-1.153316
-1.515385	-3.811354	0.000000	0.009259	0.000816	0.270210	0.962757	-1.155547
-1.491904	-3.811513	0.000000	0.009549	0.001308	0.267908	0.963396	-1.160320
-1.470301	-3.811659	0.000000	0.009848	0.001583	0.261597	0.965126	-1.173404
-1.450427	-3.811794	0.000000	0.010242	0.003167	0.256255	0.966549	-1.184430
-1.432142	-3.811917	0.000000	0.010356	0.003153	0.251821	0.967713	-1.193600
-1.415320	-3.812031	0.000000	0.009799	0.002843	0.245139	0.969434	-1.207403
-1.399844	-3.812136	0.000000	0.009593	0.003780	0.233045	0.972411	-1.232293
-1.385606	-3.812233	0.000000	0.009402	0.004667	0.218635	0.975750	-1.261856
-1.372507	-3.812321	0.000000	0.009488	0.005987	0.206869	0.978304	-1.285906
-1.360456	-3.812403	0.000000	0.009231	0.005790	0.197959	0.980150	-1.304109
-1.349369	-3.812478	0.000000	0.009097	0.006063	0.192880	0.981161	-1.314461
-1.339169	-3.812547	0.000000	0.009260	0.006309	0.188735	0.981964	-1.322900
-1.329785	-3.812611	0.000000	0.009319	0.006240	0.186953	0.982305	-1.326529
-1.321152	-3.812669	0.000000	0.009262	0.006047	0.186645	0.982365	-1.327161
-1.313210	-3.812723	0.000000	0.009324	0.005975	0.186678	0.982359	-1.327095
-1.305902	-3.812773	0.000000	0.009333	0.005986	0.186609	0.982372	-1.327235
-1.299180	-3.812818	0.000000	0.009391	0.005585	0.186002	0.982489	-1.328479
-1.292995	-3.812860	0.000000	0.009584	0.005266	0.185207	0.982639	-1.330104
-1.287305	-3.812898	0.000000	0.009739	0.005041	0.184753	0.982724	-1.331033
-1.282070	-3.812934	0.000000	0.009680	0.004705	0.184530	0.982768	-1.331494
-1.277254	-3.812967	0.000000	0.009388	0.004267	0.183393	0.982985	-1.333818
-1.272823	-3.812997	0.000000	0.008680	0.003986	0.182437	0.983171	-1.335773
-1.268747	-3.813024	0.000000	0.007588	0.004150	0.181009	0.983443	-1.338679
-1.264997	-3.813050	0.000000	0.006172	0.005070	0.179526	0.983721	-1.341687
-1.261547	-3.813073	0.000000	0.006192	0.005123	0.181240	0.983406	-1.338202
-1.258372	-3.813094	0.000000	0.006876	0.004849	0.180880	0.983469	-1.338932
-1.255452	-3.813114	0.000000	0.006743	0.005529	0.177739	0.984039	-1.345308
-1.252766	-3.813132	0.000000	0.006109	0.006114	0.175431	0.984454	-1.349992
-1.250294	-3.813149	0.000000	0.006339	0.006794	0.174901	0.984542	-1.351054
-1.248020	-3.813165	0.000000	0.008644	0.005403	0.175771	0.984378	-1.349294
-1.245928	-3.813179	0.000000	0.009034	0.006146	0.175293	0.984456	-1.350245
-1.244003	-3.813192	0.000000	0.009583	0.004517	0.176793	0.984191	-1.347232
-1.242233	-3.813204	0.000000	0.006832	0.005838	0.180598	0.983516	-1.339488
-1.240604	-3.813215	0.000000	0.004552	0.009322	0.184180	0.982838	-1.332163
-1.239105	-3.813225	0.000000	0.006392	0.009629	0.187397	0.982216	-1.325579
-1.237726	-3.813234	0.000000	0.006521	0.011023	0.184278	0.982791	-1.331895
-1.236458	-3.813243	0.000000	0.006814	0.011237	0.184663	0.982714	-1.331100
-1.235290	-3.813251	0.000000	0.007004	0.012238	0.185486	0.982546	-1.329395
-1.234217	-3.813258	0.000000	0.007457	0.013956	0.188322	0.981980	-1.323562
-1.233125	-3.796377	0.000000	0.007985	0.015291	0.194002	0.980849	-1.311933
-1.200167	-3.781045	0.000000	0.008448	0.016028	0.198470	0.979939	-1.302781
-1.169845	-3.766939	0.000000	0.008449	0.016974	0.202176	0.979166	-1.295179
-1.141949	-3.753961	0.000000	0.007036	0.015357	0.203569	0.978915	-1.292426
-1.116285	-3.742022	0.000000	0.004644	0.014643	0.205133	0.978613	-1.289311
-1.092674	-3.731038	0.000000	0.004592	0.012749	0.213277	0.976898	-1.272701
-1.070952	-3.720932	0.000000	0.005939	0.011129	0.218883	0.975669	-1.261230
-1.050968	-3.711635	0.000000	0.008075	0.012308	0.225204	0.974201	-1.248192
-1.032582	-3.703082	0.000000	0.008499	0.012538	0.226092	0.973988	-1.246353
-1.015668	-3.695213	0.000000	0.008920	0.011206	0.221372	0.975084	-1.256073
-1.000106	-3.687974	0.000000	0.010479	0.010779	0.224635	0.974327	-1.249367
-0.985685	-3.664426	0.000000	0.011862	0.013542	0.227739	0.973556	-1.242868
-0.972418	-3.642762	0.000000	0.015574	0.015581	0.230542	0.972813	-1.236944
-0.960212	-3.622832	0.000000	0.018037	0.013670	0.233627	0.972063	-1.230650
-0.948982	-3.604495	0.000000	0.019758	0.011618	0.232277	0.972379	-1.233506
-0.938651	-3.587626	0.000000	0.023027	0.008982	0.233966	0.971931	-1.230142
-0.929147	-3.572106	0.000000	0.023627	0.008342	0.234443	0.971807	-1.229192
-0.888449	-3.558026	0.000000	0.017179	0.002826	0.232823	0.972363	-1.232774
-0.851007	-3.545071	0.000000	0.012184	0.001878	0.233040	0.972389	-1.232346
-0.816561	-3.533154	0.000000	0.010404	0.002688	0.234990	0.971938	-1.228314
-0.784766	-3.505302	0.000000	0.011269	0.003222	0.237589	0.971295	-1.222953
-0.755514	-3.479678	0.000000	0.011863	0.002559	0.238992	0.970946	-1.220080
-0.728603	-3.456105	0.000000	0.011154	0.000950	0.241594	0.970313	-1.214755
-0.703845	-3.434417	0.000000	0.010699	-0.001412	0.242399	0.970116	-1.213137
-0.681067	-3.414464	0.000000	0.012235	-0.003653	0.242238	0.970133	-1.213520
-0.660111	-3.396107	0.000000	0.014314	-0.003579	0.244653	0.969499	-1.208566
-0.640832	-3.379219	0.000000	0.015418	-0.005722	0.243096	0.969863	-1.211834
-0.623095	-3.363682	0.000000	0.014746	-0.004578	0.243481	0.969782	-1.211007
-0.606778	-3.349388	0.000000	0.013140	-0.001901	0.244385	0.969588	-1.209072
-0.591765	-3.336238	0.000000	0.007842	0.004333	0.243261	0.969919	-1.211249
-0.577849	-3.307252	0.000000	0.005310	0.007464	0.245936	0.969243	-1.205687
-0.565047	-3.280585	0.000000	0.003316	0.008943	0.243617	0.969825	-1.210469
-0.553268	-3.256052	0.000000	0.002924	0.008577	0.240794	0.970534	-1.216299
-0.510479	-3.233678	0.000000	0.002755	0.003107	0.240354	0.970676	-1.217281
-0.471113	-3.213095	0.000000	0.004179	0.001836	0.242358	0.970176	-1.213160
-0.434896	-3.194158	0.000000	0.006760	0.001549	0.243163	0.969960	-1.211501
-0.401576	-3.176736	0.000000	0.006694	0.005658	0.240986	0.970489	-1.215919
-0.370922	-3.160708	0.000000	0.002421	0.010259	0.237755	0.971268	-1.222536
-0.342616	-3.129075	0.000000	0.000015	0.007157	0.234797	0.972018	-1.228707
-0.316575	-3.099973	0.000000	-0.000987	0.005041	0.234375	0.972133	-1.229603
-0.292616	-3.073198	0.000000	-0.001257	0.005096	0.237609	0.971347	-1.222948
-0.270575	-3.048566	0.000000	0.000639	0.007022	0.238829	0.971036	-1.220400
-0.250296	-3.025904	0.000000	-0.000548	0.004963	0.237203	0.971447	-1.223778
-0.231640	-3.005055	0.000000	-0.003052	0.006861	0.236032	0.971716	-1.226208
-0.214477	-2.985874	0.000000	0.002202	0.006208	0.241513	0.970375	-1.214863
-0.198582	-2.951341	0.000000	0.009756	0.004525	0.247309	0.968877	-1.202888
-0.183959	-2.919570	0.000000	0.010837	0.005550	0.242799	0.970000	-1.212159
-0.170505	-2.890340	0.000000	0.007595	0.009216	0.236384	0.971586	-1.225305
-0.126175	-2.863647	0.000000	0.000783	0.012112	0.237121	0.971404	-1.223839
-0.085391	-2.839089	0.000000	0.004387	0.018885	0.242846	0.969871	-1.211766
-0.047870	-2.816496	0.000000	0.005030	0.015220	0.243810	0.969690	-1.209881
-0.013350	-2.795710	0.000000	0.005066	0.014657	0.239959	0.970659	-1.217835
0.018408	-2.776587	0.000000	0.006065	0.014605	0.241952	0.970159	-1.213706
0.047625	-2.758994	0.000000	0.008592	0.014881	0.243255	0.969810	-1.210952
0.074610	-2.725921	0.000000	0.008781	0.015246	0.240105	0.970587	-1.217427
0.099435	-2.695493	0.000000	0.008906	0.012970	0.241319	0.970318	-1.215004
0.122275	-2.667500	0.000000	0.010279	0.009584	0.243095	0.969901	-1.211436
0.143287	-2.641747	0.000000	0.012303	0.009467	0.241484	0.970280	-1.214735
0.162619	-2.618054	0.000000	0.014838	0.013111	0.240832	0.970365	-1.215897
0.180404	-2.596256	0.000000	0.016656	0.014439	0.242333	0.969943	-1.212710
0.196766	-2.576202	0.000000	0.015366	0.014527	0.240978	0.970300	-1.215522
0.211819	-2.557752	0.000000	0.017791	0.006242	0.241362	0.970252	-1.215070
0.225772	-2.523891	0.000000	0.021448	0.003051	0.245594	0.969131	-1.206478
0.270562	-2.492937	0.000000	0.020241	0.002342	0.247424	0.968693	-1.202725
0.311770	-2.464458	0.000000	0.017887	-0.001391	0.244566	0.969467	-1.208732
0.349680	-2.438259	0.000000	0.015102	0.001464	0.244066	0.969640	-1.209660
0.384558	-2.414155	0.000000	0.014186	-0.000103	0.244957	0.969430	-1.207860
0.416645	-2.391979	0.000000	0.012722	0.001825	0.242288	0.970119	-1.213307
0.446166	-2.371577	0.000000	0.010005	0.001495	0.241550	0.970335	-1.214830
0.473325	-2.352808	0.000000	0.007645	0.003655	0.245676	0.969315	-1.206282
0.498415	-2.318653	0.000000	0.009070	0.003436	0.252199	0.967627	-1.192813
0.521498	-2.287230	0.000000	0.014308	0.006588	0.258929	0.965768	-1.178786
0.542735	-2.258321	0.000000	0.013973	0.010639	0.259129	0.965683	-1.178222
0.562273	-2.231725	0.000000	0.015020	0.009333	0.257743	0.966052	-1.181134
0.580247	-2.207256	0.000000	0.016010	0.010192	0.259122	0.965658	-1.178233
0.596784	-2.184745	0.000000	0.009952	0.010175	0.259514	0.965634	-1.177492
0.611998	-2.164035	0.000000	0.008501	0.006551	0.256122	0.966585	-1.184633
0.657948	-2.145179	0.000000	0.007570	0.001909	0.255129	0.966875	-1.186786
0.700222	-2.127832	0.000000	0.006242	0.003488	0.256625	0.966485	-1.183667
0.739218	-2.094985	0.000000	0.008543	0.007870	0.260853	0.965309	-1.174804
0.775095	-2.064766	0.000000	0.010025	0.010668	0.262049	0.964943	-1.172223
0.808101	-2.036964	0.000000	0.001950	0.016075	0.257836	0.966053	-1.180948
0.838468	-2.011387	0.000000	0.000026	0.011522	0.254562	0.966988	-1.187872
0.866404	-1.987856	0.000000	-0.004554	0.010830	0.258190	0.966023	-1.180467
0.892106	-1.966207	0.000000	-0.008797	0.009608	0.260553	0.965371	-1.175665
0.915856	-1.929403	0.000000	-0.009663	0.010580	0.257663	0.966129	-1.181670
0.937706	-1.895543	0.000000	-0.005367	0.008847	0.256626	0.966456	-1.183733
0.957808	-1.864392	0.000000	0.001583	0.003435	0.261286	0.965254	-1.174036
0.976302	-1.835733	0.000000	0.001695	0.007599	0.258878	0.965878	-1.178974
0.993317	-1.809367	0.000000	-0.001386	0.008492	0.254319	0.967082	-1.188442
1.008970	-1.785110	0.000000	-0.004591	0.009236	0.257000	0.966356	-1.182943
1.023371	-1.762794	0.000000	-0.004561	0.009070	0.259566	0.965672	-1.177630
1.036620	-1.742263	0.000000	-0.004119	0.007502	0.259599	0.965679	-1.177562
1.048809	-1.723374	0.000000	-0.004772	0.004604	0.259197	0.965802	-1.178408
1.092080	-1.689307	0.000000	-0.004422	0.000847	0.260136	0.965561	-1.176446
1.131890	-1.657965	0.000000	-0.003174	-0.001984	0.259643	0.965697	-1.177445
1.168515	-1.629130	0.000000	-0.002329	-0.004799	0.259095	0.965837	-1.178557
1.202210	-1.602603	0.000000	-0.001640	-0.006719	0.259429	0.965738	-1.177848
1.233210	-1.578197	0.000000	-0.001402	-0.007879	0.259646	0.965671	-1.177384
1.261729	-1.555744	0.000000	-0.001821	-0.008024	0.259089	0.965818	-1.178530
1.287967	-1.535087	0.000000	-0.001629	-0.008294	0.259425	0.965726	-1.177832
1.312106	-1.516083	0.000000	0.000156	-0.009540	0.259817	0.965611	-1.177029
1.334314	-1.498599	0.000000	0.005596	-0.012647	0.261592	0.965079	-1.173425
1.354745	-1.482514	0.000000	0.005900	-0.012730	0.262329	0.964877	-1.171905
1.373542	-1.467715	0.000000	0.004654	-0.012804	0.263924	0.964447	-1.168565
1.390835	-1.454101	0.000000	0.001593	-0.012659	0.264419	0.964323	-1.167470
1.406744	-1.441575	0.000000	-0.001597	-0.012415	0.263091	0.964690	-1.170159
1.421381	-1.430052	0.000000	-0.003498	-0.012823	0.263260	0.964634	-1.169760
1.434847	-1.419451	0.000000	-0.003594	-0.014288	0.263134	0.964647	-1.169978
1.447235	-1.409697	0.000000	-0.006224	-0.014334	0.265492	0.963986	-1.165028
1.458737	-1.383837	0.000000	-0.013226	-0.012758	0.272873	0.961875	-1.149630
1.469319	-1.360045	0.000000	-0.013726	-0.013275	0.278885	0.960135	-1.137089
1.479054	-1.338157	0.000000	-0.012377	-0.013733	0.286034	0.958041	-1.122186
1.488010	-1.318020	0.000000	-0.010420	-0.014675	0.295159	0.955278	-1.103106
1.496250	-1.299494	0.000000	-0.008081	-0.015718	0.303536	0.952656	-1.085548
1.503831	-1.282450	0.000000	-0.006879	-0.015333	0.311938	0.949954	-1.067925
1.510805	-1.266769	0.000000	-0.016722	-0.010500	0.307279	0.951415	-1.077786
1.517221	-1.252343	0.000000	-0.012000	-0.011441	0.312745	0.949692	-1.066295
1.523124	-1.239071	0.000000	-0.006036	-0.014262	0.325083	0.945559	-1.040243
1.528555	-1.226861	0.000000	0.005408	-0.017904	0.333606	0.942527	-1.022353
1.533551	-1.215627	0.000000	0.006778	-0.018318	0.344045	0.938750	-1.000182
1.538148	-1.205292	0.000000	0.008084	-0.019814	0.352193	0.935683	-0.982789
1.542377	-1.195784	0.000000	0.004387	-0.018911	0.357312	0.933783	-0.971739
1.546267	-1.187037	0.000000	0.000905	-0.016541	0.359444	0.933020	-0.967153
1.549847	-1.178989	0.000000	-0.002135	-0.015752	0.356898	0.934008	-0.972562
1.553140	-1.171586	0.000000	0.005216	-0.018123	0.364150	0.931149	-0.957117
1.556169	-1.164774	0.000000	0.004152	-0.016024	0.366879	0.930121	-0.951284
1.558956	-1.158508	0.000000	0.006183	-0.015736	0.369796	0.928959	-0.945066
1.561521	-1.152742	0.000000	0.005447	-0.015637	0.373885	0.927327	-0.936237
1.563880	-1.147438	0.000000	0.006633	-0.016342	0.378875	0.925279	-0.925472
1.566050	-1.142559	0.000000	0.005511	-0.015336	0.383201	0.923521	-0.916108
1.568047	-1.138069	0.000000	0.004646	-0.012165	0.384845	0.922889	-0.912602
1.569884	-1.133939	0.000000	0.003474	-0.011288	0.384129	0.923204	-0.914148
1.571574	-1.130139	0.000000	0.007091	-0.010791	0.392794	0.919535	-0.895412
1.573128	-1.126644	0.000000	0.008491	-0.009402	0.398092	0.917258	-0.883918
1.574454	-1.140315	0.000000	0.007804	-0.007983	0.403921	0.914726	-0.871192
1.575779	-1.136005	0.000000	0.007714	-0.006081	0.410891	0.911632	-0.855936
1.576997	-1.132040	0.000000	0.007281	-0.005069	0.419281	0.907813	-0.837489
1.578118	-1.128392	0.000000	0.007440	-0.004288	0.427609	0.903923	-0.819104
1.579149	-1.125036	0.000000	0.008232	-0.003912	0.437666	0.899091	-0.796800
1.579994	-1.138836	0.000000	0.008614	-0.002733	0.448669	0.893652	-0.772253
1.580770	-1.151532	0.000000	0.007623	-0.001284	0.458272	0.888778	-0.750689
1.581589	-1.146325	0.000000	0.004467	0.000898	0.465960	0.884794	-0.733325
1.582343	-1.141534	0.000000	0.002599	0.002290	0.462780	0.886467	-0.740494
1.583036	-1.137127	0.000000	0.004771	0.001412	0.472872	0.881117	-0.717663
1.583570	-1.149959	0.000000	0.007764	0.001511	0.486093	0.873871	-0.687537
1.584165	-1.144878	0.000000	0.005913	0.002691	0.493932	0.869476	-0.669533
1.584712	-1.140203	0.000000	0.005477	0.003391	0.503177	0.864159	-0.648194
1.585216	-1.135902	0.000000	0.006581	0.003624	0.514360	0.857541	-0.622210
1.585679	-1.131945	0.000000	0.007968	0.003562	0.525135	0.850974	-0.596989
1.586001	-1.145192	0.000000	0.008195	0.003208	0.534638	0.845035	-0.574583
1.586298	-1.157380	0.000000	0.008273	0.003071	0.545220	0.838247	-0.549443
1.586570	-1.168592	0.000000	0.008200	0.002982	0.554942	0.831843	-0.526160
1.586821	-1.178907	0.000000	0.008089	0.002221	0.566657	0.823911	-0.497872
1.587051	-1.188397	0.000000	0.007866	0.002081	0.579332	0.815051	-0.466942
1.587263	-1.197128	0.000000	0.007301	0.002245	0.593000	0.805167	-0.433198
1.587459	-1.205161	0.000000	0.006827	0.002657	0.605945	0.795473	-0.400844
1.587638	-1.212551	0.000000	0.006593	0.002719	0.618270	0.785933	-0.369670
1.587804	-1.219349	0.000000	0.005855	0.003270	0.630886	0.775846	-0.337350
1.587956	-1.225604	0.000000	0.005507	0.003563	0.642701	0.766089	-0.306700
1.588095	-1.231358	0.000000	0.004846	0.004131	0.654508	0.756028	-0.275663
1.588224	-1.236652	0.000000	0.004196	0.004804	0.666406	0.745562	-0.243961
1.588342	-1.241523	0.000000	0.003723	0.005599	0.678806	0.734286	-0.210427
1.588451	-1.246004	0.000000	0.004081	0.005740	0.692888	0.721010	-0.171722
1.588551	-1.250126	0.000000	0.003621	0.006651	0.706513	0.707659	-0.133555
1.588644	-1.253919	0.000000	0.002156	0.008475	0.721529	0.692329	-0.090601
1.588728	-1.257408	0.000000	0.002519	0.009337	0.732566	0.680627	-0.058415
1.588806	-1.260618	0.000000	0.002973	0.010025	0.742973	0.669240	-0.027554
1.588878	-1.263571	0.000000	0.004785	0.010227	0.756781	0.653570	0.014202
1.588944	-1.266288	0.000000	0.001755	0.011418	0.771809	0.635749	0.060881
1.589005	-1.268788	0.000000	-0.001816	0.012248	0.779870	0.625819	0.086498
1.589061	-1.271087	0.000000	-0.000866	0.012113	0.783120	0.621752	0.096905
1.589112	-1.273203	0.000000	0.000947	0.012261	0.788946	0.614339	0.115756
1.589160	-1.275150	0.000000	-0.000169	0.012396	0.791614	0.610896	0.124479
1.589203	-1.276940	0.000000	-0.001607	0.012414	0.792161	0.610183	0.126282
1.589243	-1.278588	0.000000	-0.000849	0.012538	0.792935	0.609176	0.128823
1.589280	-1.280103	0.000000	-0.000233	0.012638	0.792798	0.609353	0.128374
1.589314	-1.281498	0.000000	-0.000957	0.012620	0.792837	0.609302	0.128506
1.589345	-1.282781	0.000000	-0.001156	0.012612	0.792762	0.609400	0.128259
1.589374	-1.283961	0.000000	-0.000704	0.012662	0.792835	0.609304	0.128501
1.589400	-1.285047	0.000000	-0.000701	0.012581	0.792758	0.609406	0.128242
1.589424	-1.286046	0.000000	-0.000693	0.012550	0.792798	0.609354	0.128373
1.589447	-1.286965	0.000000	0.000007	0.012495	0.792961	0.609144	0.128899
1.589467	-1.287810	0.000000	0.000291	0.012332	0.793047	0.609035	0.129171
1.589486	-1.288588	0.000000	-0.000217	0.012264	0.793227	0.608802	0.129763
1.589504	-1.289304	0.000000	-0.000438	0.012497	0.793482	0.608465	0.130613
1.589520	-1.289962	0.000000	-0.000163	0.012929	0.793357	0.608619	0.130227
1.589534	-1.290568	0.000000	0.000407	0.013299	0.793806	0.608026	0.131719
1.589548	-1.291125	0.000000	0.002091	0.013598	0.794316	0.607349	0.133407
1.589560	-1.291638	0.000000	0.004785	0.013978	0.793673	0.608165	0.131302
1.589572	-1.292109	0.000000	0.007465	0.014133	0.794718	0.606768	0.134741
1.589582	-1.292543	0.000000	0.009616	0.014210	0.796078	0.604950	0.139232
1.589696	-1.276055	0.000000	0.010834	0.012495	0.797788	0.602711	0.144798
1.589801	-1.260886	0.000000	0.011260	0.010224	0.800504	0.599134	0.153734
1.589898	-1.246931	0.000000	0.012678	0.007621	0.802128	0.596968	0.159080
1.589987	-1.234092	0.000000	0.013960	0.005802	0.806576	0.590937	0.174021
1.590069	-1.222280	0.000000	0.015234	0.004398	0.811103	0.584688	0.189414
1.590144	-1.211413	0.000000	0.015816	0.003759	0.814584	0.579817	0.201371
1.590213	-1.201415	0.000000	0.016897	0.002555	0.817195	0.576107	0.210416
1.590277	-1.192217	0.000000	0.017834	0.001563	0.818657	0.574004	0.215516
1.558382	-1.183558	0.000000	0.018195	0.000894	0.818889	0.573662	0.216336
1.529039	-1.175591	0.000000	0.018807	-0.000073	0.818212	0.574609	0.213997
1.502043	-1.168262	0.000000	0.018960	-0.000663	0.818387	0.574354	0.214618
1.477207	-1.161518	0.000000	0.019638	-0.001924	0.818534	0.574119	0.215168
1.454358	-1.155315	0.000000	0.020270	-0.003003	0.818802	0.573711	0.216141
1.433337	-1.149607	0.000000	0.020916	-0.003583	0.818874	0.573581	0.216425
1.413997	-1.144357	0.000000	0.021865	-0.002947	0.819744	0.572305	0.219466
1.396205	-1.139526	0.000000	0.022419	-0.002001	0.819396	0.572786	0.218236
1.379836	-1.135082	0.000000	0.022227	-0.001515	0.818220	0.574473	0.214121
1.364776	-1.130993	0.000000	0.022268	-0.002229	0.818071	0.574682	0.213618
1.350922	-1.127231	0.000000	0.021236	-0.002034	0.818663	0.573878	0.215654
1.338175	-1.123771	0.000000	0.020880	-0.004571	0.818796	0.573687	0.216185
1.326553	-1.103700	0.000000	0.020987	-0.007065	0.819520	0.572622	0.218821
1.315861	-1.085234	0.000000	0.021451	-0.008999	0.819761	0.572233	0.219776
1.306024	-1.068246	0.000000	0.023996	-0.010862	0.821618	0.569430	0.226479
1.296973	-1.052617	0.000000	0.028875	-0.013804	0.828762	0.558685	0.252242
1.288647	-1.038238	0.000000	0.035265	-0.017722	0.831450	0.554196	0.262621
1.280987	-1.025010	0.000000	0.036800	-0.017243	0.826110	0.562042	0.243482
1.273940	-1.012839	0.000000	0.030706	-0.009664	0.820834	0.570259	0.223879
1.267457	-1.001643	0.000000	0.016605	0.002315	0.815190	0.578951	0.203467
1.261492	-0.991342	0.000000	0.016902	-0.000221	0.811525	0.584074	0.190880
1.256005	-0.981865	0.000000	0.007007	0.005020	0.808414	0.588552	0.180199
1.250956	-0.973146	0.000000	0.001910	0.008346	0.799717	0.600316	0.151038
1.246311	-0.965125	0.000000	0.002827	0.005990	0.791583	0.611026	0.124103
1.242038	-0.957746	0.000000	0.001064	0.005571	0.791271	0.611438	0.123077
1.238211	-0.934069	0.000000	0.001443	0.005294	0.792943	0.609271	0.128546
1.234691	-0.912287	0.000000	0.004574	0.006451	0.788762	0.614648	0.114909
1.231452	-0.892247	0.000000	0.005496	0.006705	0.782960	0.622012	0.096150
1.228472	-0.873811	0.000000	0.005369	0.007537	0.776337	0.630250	0.075021
1.225730	-0.856849	0.000000	0.003882	0.009446	0.770174	0.637752	0.055651
1.223208	-0.841245	0.000000	0.004741	0.010435	0.765835	0.642935	0.042140
1.220888	-0.826888	0.000000	0.004656	0.011112	0.760026	0.649781	0.024197
1.218753	-0.813680	0.000000	0.002961	0.011181	0.754076	0.656685	0.005990
1.216893	-0.784642	0.000000	-0.000239	0.013512	0.745797	0.666035	-0.018913
1.215182	-0.757927	0.000000	-0.001365	0.014169	0.736853	0.675903	-0.045533
1.213608	-0.733348	0.000000	-0.000606	0.013790	0.730420	0.682859	-0.064496
1.212160	-0.710736	0.000000	-0.000303	0.015781	0.724520	0.689074	-0.081577
1.210828	-0.689934	0.000000	0.002099	0.014477	0.723254	0.690427	-0.085331
1.209602	-0.670795	0.000000	0.004903	0.012366	0.723255	0.690453	-0.085445
1.208475	-0.653187	0.000000	0.006006	0.010094	0.720462	0.693395	-0.093622
1.175484	-0.636791	0.000000	0.005781	0.007622	0.720554	0.693333	-0.093445
1.145237	-0.604818	0.000000	0.004404	0.005948	0.719537	0.694414	-0.096420
1.117410	-0.575404	0.000000	0.003715	0.005806	0.719166	0.694805	-0.097493
1.091809	-0.548343	0.000000	0.003562	0.006905	0.720098	0.693829	-0.094780
1.068256	-0.523447	0.000000	0.003005	0.008241	0.719896	0.694026	-0.095319
1.046587	-0.500542	0.000000	0.002997	0.007948	0.720479	0.693424	-0.093648
1.026652	-0.479470	0.000000	0.003650	0.007149	0.721358	0.692516	-0.091138
1.008312	-0.460083	0.000000	0.004891	0.006488	0.721513	0.692353	-0.090708
0.991438	-0.442248	0.000000	0.005527	0.006484	0.721431	0.692434	-0.090946
0.975915	-0.425839	0.000000	0.005134	0.006673	0.722091	0.691746	-0.089031
0.961634	-0.410743	0.000000	0.004848	0.007642	0.724654	0.689053	-0.081581
0.948495	-0.396855	0.000000	0.006162	0.008834	0.727307	0.686227	-0.073825
0.936511	-0.367190	0.000000	0.006991	0.009645	0.729276	0.684116	-0.068049
0.925486	-0.339899	0.000000	0.009032	0.006904	0.730708	0.682595	-0.063949
0.915344	-0.314791	0.000000	0.010721	0.003634	0.730126	0.683218	-0.065718
0.906012	-0.291691	0.000000	0.009570	0.002496	0.734373	0.678674	-0.053261
0.897427	-0.270440	0.000000	0.006201	0.002136	0.741709	0.670690	-0.031522
0.889529	-0.250888	0.000000	0.007982	0.002361	0.750683	0.660609	-0.004554
0.882263	-0.232901	0.000000	0.007160	0.002670	0.761479	0.648144	0.028442
0.875578	-0.216353	0.000000	0.004266	0.003119	0.770286	0.637677	0.055836
0.869428	-0.201129	0.000000	0.003536	0.003031	0.777519	0.628842	0.078679
0.863770	-0.187122	0.000000	0.001564	0.004016	0.786203	0.617954	0.106551
0.858565	-0.174236	0.000000	-0.000555	0.004411	0.794097	0.607774	0.132325
0.853776	-0.162381	0.000000	-0.000208	0.004802	0.801403	0.598105	0.156566
0.849370	-0.151474	0.000000	0.002139	0.005730	0.809487	0.587107	0.183863
0.845316	-0.141440	0.000000	0.003572	0.006436	0.815679	0.578458	0.205130
0.841587	-0.132209	0.000000	0.002696	0.006304	0.818329	0.574709	0.214319
0.838156	-0.123716	0.000000	0.002166	0.005825	0.823151	0.567788	0.231189
0.835000	-0.115903	0.000000	-0.000739	0.004188	0.830071	0.557641	0.255753
0.832096	-0.108714	0.000000	-0.003414	0.002753	0.837736	0.546058	0.283518
0.829424	-0.102101	0.000000	-0.003744	0.002879	0.845207	0.534418	0.311183
0.826967	-0.096017	0.000000	-0.004362	0.004644	0.850507	0.525926	0.331220
0.824705	-0.090419	0.000000	-0.005487	0.006545	0.854850	0.518804	0.347927
0.822730	-0.068382	0.000000	-0.008109	0.007637	0.858191	0.513210	0.360966
0.820912	-0.048108	0.000000	-0.009239	0.008160	0.860838	0.508729	0.371382
0.819239	-0.029456	0.000000	-0.007936	0.007979	0.863310	0.504549	0.381101
0.817701	-0.012296	0.000000	-0.006644	0.007627	0.864669	0.502239	0.386460
0.816285	0.003491	0.000000	-0.006551	0.007188	0.864563	0.502431	0.386013
0.814983	0.018015	0.000000	-0.008229	0.006182	0.863764	0.503791	0.382830
0.813785	0.031378	0.000000	-0.010863	0.004515	0.862664	0.505641	0.378462
0.812683	0.043671	0.000000	-0.014494	0.003521	0.861645	0.507292	0.374498
0.811669	0.054981	0.000000	-0.014301	0.002531	0.861085	0.508253	0.372257
0.810736	0.065386	0.000000	-0.010763	0.005218	0.862063	0.506659	0.376112
0.809877	0.074958	0.000000	-0.004966	0.007832	0.862037	0.506760	0.376004
0.809088	0.083765	0.000000	-0.002197	0.009298	0.860615	0.509166	0.370437
0.808361	0.091867	0.000000	-0.001493	0.008583	0.857990	0.513592	0.360128
0.775740	0.099519	0.000000	-0.002865	0.006602	0.853753	0.520628	0.343675
0.745832	0.123446	0.000000	-0.005055	0.004085	0.849943	0.526834	0.329072
0.718317	0.145458	0.000000	-0.005014	0.003951	0.848642	0.528929	0.324138
0.693003	0.165710	0.000000	-0.003182	0.005969	0.847311	0.531053	0.319154
0.669715	0.184341	0.000000	-0.001604	0.006907	0.843988	0.536316	0.306717
0.648289	0.201482	0.000000	0.000199	0.006292	0.841880	0.539628	0.298849
0.628578	0.217252	0.000000	0.002629	0.005063	0.841942	0.539537	0.299041
0.610443	0.231760	0.000000	0.004317	0.006319	0.841701	0.539889	0.298179
0.593759	0.245108	0.000000	0.004226	0.009156	0.839901	0.542645	0.291627
0.578410	0.257387	0.000000	0.004951	0.006453	0.838720	0.544503	0.287185
0.564289	0.268685	0.000000	0.005997	0.001695	0.837898	0.545792	0.284099
0.551298	0.279078	0.000000	0.007079	0.001666	0.837008	0.547142	0.280850
0.539346	0.288640	0.000000	0.009174	0.003887	0.838697	0.544507	0.287071
0.528454	0.314325	0.000000	0.010600	0.005957	0.837354	0.546525	0.282194
0.518434	0.337954	0.000000	0.008771	0.005780	0.833646	0.552199	0.268678
0.509215	0.359694	0.000000	0.006232	0.005188	0.833098	0.553065	0.266672
0.500734	0.379694	0.000000	0.007545	0.003226	0.833802	0.552003	0.269195
0.492931	0.398094	0.000000	0.007448	0.003685	0.832968	0.553259	0.266182
0.485753	0.415022	0.000000	0.007344	0.003387	0.831522	0.555433	0.260960
0.479149	0.430596	0.000000	0.009206	0.001505	0.831670	0.555192	0.261497
0.473073	0.444924	0.000000	0.007302	0.001848	0.833372	0.552660	0.267630
0.467483	0.458105	0.000000	0.004350	0.002696	0.834462	0.551043	0.271567
0.462341	0.470233	0.000000	0.002947	0.003270	0.833628	0.552309	0.268549
0.457714	0.498277	0.000000	0.004766	0.004590	0.834765	0.550568	0.272695
0.421504	0.524275	0.000000	0.003300	0.004185	0.835047	0.550152	0.273714
0.388191	0.548194	0.000000	0.004619	0.002933	0.834868	0.550422	0.273048
0.357543	0.570199	0.000000	0.005712	0.002763	0.835063	0.550118	0.273758
0.329346	0.590443	0.000000	0.008792	0.002122	0.835321	0.549688	0.274713
0.303406	0.609068	0.000000	0.010131	0.001733	0.834854	0.550376	0.273026
0.279541	0.626203	0.000000	0.009738	0.001492	0.835209	0.549844	0.274316
0.257584	0.641967	0.000000	0.008586	0.002193	0.834645	0.550717	0.272255
0.237489	0.673358	0.000000	0.007723	0.001696	0.834463	0.551008	0.271584
0.219002	0.702237	0.000000	0.005151	0.006176	0.835667	0.549177	0.276015
0.201993	0.728806	0.000000	0.005759	0.012543	0.836337	0.548042	0.278719
0.186345	0.753249	0.000000	0.006739	0.013433	0.835764	0.548884	0.276678
0.171949	0.775737	0.000000	0.006749	0.009950	0.835669	0.549101	0.276154
0.158705	0.796425	0.000000	0.004113	0.012143	0.836159	0.548338	0.278052
0.146520	0.815459	0.000000	0.002941	0.012383	0.836034	0.548529	0.277620
0.135310	0.832970	0.000000	0.000277	0.012544	0.834618	0.550686	0.272496
0.124997	0.849080	0.000000	0.001923	0.011759	0.834311	0.551166	0.271321
0.115613	0.880789	0.000000	-0.000470	0.014966	0.835800	0.548830	0.276967
0.106980	0.909961	0.000000	-0.007646	0.014509	0.834455	0.550831	0.272160
0.099038	0.936799	0.000000	-0.012528	0.011835	0.833212	0.552686	0.267566
0.059777	0.961688	0.000000	-0.012371	0.011292	0.833574	0.552153	0.268840
0.023658	0.984585	0.000000	-0.010946	0.008525	0.833228	0.552755	0.267398
-0.009572	1.005651	0.000000	-0.005485	0.008939	0.833493	0.552431	0.268286
-0.040144	1.025031	0.000000	-0.004043	0.012026	0.836469	0.547867	0.279257
-0.068269	1.042861	0.000000	-0.008138	0.013264	0.838166	0.545193	0.285621
-0.094041	1.076152	0.000000	-0.013476	0.011892	0.836857	0.547127	0.280855
-0.117750	1.106780	0.000000	-0.017202	0.009847	0.834801	0.550194	0.273328
-0.139563	1.134958	0.000000	-0.023564	0.008927	0.835332	0.549168	0.275406
-0.159631	1.160881	0.000000	-0.014018	0.009576	0.835357	0.549446	0.275248
-0.178094	1.184730	0.000000	-0.007821	0.010254	0.835634	0.549136	0.276165
-0.195079	1.206672	0.000000	-0.001235	0.007341	0.837102	0.546996	0.281306
-0.210706	1.226858	0.000000	-0.000716	0.002428	0.836172	0.548462	0.277786
-0.225082	1.245429	0.000000	-0.007935	0.005387	0.834689	0.550638	0.272516
-0.238308	1.262515	0.000000	-0.005105	0.004090	0.835221	0.549876	0.274379
-0.250372	1.295121	0.000000	-0.006425	0.007215	0.835260	0.549770	0.274638
-0.261471	1.325118	0.000000	-0.007602	0.012371	0.833754	0.551944	0.269464
-0.271682	1.352716	0.000000	-0.007766	0.018000	0.834335	0.550909	0.272023
-0.281076	1.378106	0.000000	-0.005366	0.007399	0.835076	0.550057	0.273964
-0.289718	1.401464	0.000000	-0.005965	0.003141	0.833840	0.551965	0.269354
-0.329622	1.423152	0.000000	-0.005708	0.000151	0.833141	0.553031	0.266783
-0.366334	1.443104	0.000000	-0.005120	-0.000579	0.833230	0.552903	0.267099
-0.366334	1.443104	0.000000	-0.005120	-0.000579	0.833230	0.552903	0.267099
-0.366334	1.443104	0.000000	-0.005120	-0.000579	0.833230	0.552903	0.267099
-0.366334	1.443104	0.000000	-0.005120	-0.000579	0.833230	0.552903	0.267099
-0.366334	1.443104	0.000000	-0.005120	-0.000579	0.833230	0.552903	0.267099
-0.366334	1.443104	0.000000	-0.005120	-0.000579	0.833230	0.552903	0.267099
-0.366334	1.443104	0.000000	-0.005120	-0.000579	0.833230	0.552903	0.267099
-0.366334	1.443104	0.000000	-0.005120	-0.000579	0.833230	0.552903	0.267099
-0.366334	1.443104	0.000000	-0.005120	-0.000579	0.833230	0.552903	0.267099
-0.366334	1.443104	0.000000	-0.005120	-0.000579	0.833230	0.552903	0.267099
-0.366334	1.443104	0.000000	-0.005120	-0.000579	0.833230	0.552903	0.267099
-0.366334	1.443104	0.000000	-0.005120	-0.000579	0.833230	0.552903	0.267099
-0.366334	1.443104	0.000000	-0.005120	-0.000579	0.833230	0.552903	0.267099
-0.366334	1.443104	0.000000	-0.005120	-0.000579	0.833230	0.552903	0.267099
-0.366334	1.443104	0.000000	-0.005120	-0.000579	0.833230	0.552903	0.267099
-0.366334	1.443104	0.000000	-0.005120	-0.000579	0.833230	0.552903	0.267099
-0.366334	1.443104	0.000000	-0.005120	-0.000579	0.833230	0.552903	0.267099
-0.366334	1.443104	0.000000	-0.005120	-0.000579	0.833230	0.552903	0.267099
-0.366334	1.443104	0.000000	-0.005120	-0.000579	0.833230	0.552903	0.267099
-0.366334	1.443104	0.000000	-0.005120	-0.000579	0.833230	0.552903	0.267099
-0.366334	1.443104	0.000000	-0.005120	-0.000579	0.833230	0.552903	0.267099
-0.366334	1.443104	0.000000	-0.005120	-0.000579	0.833230	0.552903	0.267099
-0.366334	1.443104	0.000000	-0.005120	-0.000579	0.833230	0.552903	0.267099
-0.366334	1.443104	0.000000	-0.005120	-0.000579	0.833230	0.552903	0.267099
-0.366334	1.443104	0.000000	-0.005120	-0.000579	0.833230	0.552903	0.267099
-0.366334	1.443104	0.000000	-0.005120	-0.000579	0.833230	0.552903	0.267099
-0.366334	1.443104	0.000000	-0.005120	-0.000579	0.833230	0.552903	0.267099
